400,500,1.0,0.0,50,5,Tournament,3,IPMX,SimpleSwap,ElitismMuPlusLambda,30,14.255904999999988,178,14.529317090000019,0.14058507978944237
14.255904999999988,14.25830610000007,14.773361300000133,14.825679900000097,14.798975599999935,14.785289199999795,14.646024900000128,14.4374380000001,14.500741900000236,14.487237299999776,14.55804130000007,14.406990899999897,14.418776300000104,14.452450000000141,14.719174199999742,14.573936000000288,14.569857599999182,14.55696440000014,14.471802799999523,14.480453299999795,14.476060800000596,14.49605369999972,14.496342600000048,14.557467300000212,14.51320020000037,14.440364100000807,14.397740699999758,14.471886300000051,14.524767799999609,14.528223200000298
1,181.56666666666666,207.37820000000002,181.03333333333333,202.06933333333336
2,179.06666666666666,204.1579333333333,178.5,197.61586666666665
3,177.56666666666666,202.00933333333333,176.73333333333332,194.40839999999997
4,175.8,200.51573333333334,174.93333333333334,191.8865333333334
5,172.9,199.10706666666667,172.4,189.7074666666667
6,172.9,197.8999333333333,171.13333333333333,187.8370666666667
7,171.9,196.7285333333334,170.43333333333334,186.1244
8,170.3,195.32020000000003,169.36666666666667,184.40233333333333
9,168.36666666666667,194.1002666666667,167.73333333333332,182.76160000000002
10,167.93333333333334,192.59306666666672,166.66666666666666,181.04059999999998
11,165.03333333333333,191.02766666666668,164.4,179.25839999999997
12,165.43333333333334,189.14953333333335,163.86666666666667,177.44033333333334
13,163.13333333333333,186.80020000000002,162.8,175.48666666666665
14,161.33333333333334,184.62606666666667,160.96666666666667,173.51246666666665
15,159.5,181.6529333333333,159.3,171.46886666666666
16,157.6,179.01339999999996,157.3,169.39100000000002
17,156.33333333333334,176.02753333333337,155.66666666666666,167.20639999999997
18,154.16666666666666,172.77259999999998,153.76666666666668,164.84053333333335
19,151.36666666666667,169.3355333333333,151.16666666666666,162.41813333333332
20,149.3,166.29046666666673,149.03333333333333,160.08653333333334
21,147.36666666666667,163.15453333333332,146.93333333333334,157.70813333333334
22,145.4,160.31713333333337,145.03333333333333,155.3544666666666
23,142.5,157.57286666666667,142.33333333333334,153.03119999999996
24,141.3,155.0566,140.9,150.74066666666667
25,139.2,152.0856666666667,139.1,148.4076
26,137.2,149.25179999999997,137.03333333333333,146.0564666666666
27,134.4,146.59700000000004,134.3,143.7384
28,132.76666666666668,144.03059999999996,132.66666666666666,141.50373333333337
29,130.5,141.85699999999997,130.46666666666667,139.34346666666664
30,128.93333333333334,139.66506666666663,128.76666666666668,137.23026666666664
31,127.1,137.4332,126.83333333333333,135.11726666666667
32,125.26666666666667,135.2732,125.16666666666667,133.04006666666666
33,123.26666666666667,133.2921333333333,123.2,131.08273333333332
34,121.86666666666666,131.31066666666666,121.56666666666666,129.16673333333333
35,120.2,129.41826666666668,119.96666666666667,127.29860000000001
36,118.66666666666667,127.44573333333332,118.43333333333334,125.4378666666667
37,117.03333333333333,125.57813333333337,116.93333333333334,123.63319999999999
38,115.76666666666667,123.81220000000002,115.63333333333334,121.91040000000001
39,113.7,122.0769333333333,113.63333333333334,120.25586666666666
40,112.46666666666667,120.41239999999999,112.36666666666666,118.64379999999998
41,111.66666666666667,118.81573333333336,111.56666666666666,117.08373333333331
42,110.13333333333334,117.23659999999998,110.1,115.58426666666666
43,108.8,115.71226666666666,108.8,114.136
44,107.96666666666667,114.20039999999997,107.73333333333333,112.73553333333334
45,106.5,112.8162,106.5,111.40139999999998
46,105.66666666666667,111.46419999999998,105.63333333333334,110.13713333333334
47,104.8,110.16320000000002,104.73333333333333,108.90319999999998
48,103.8,108.94526666666667,103.8,107.75800000000001
49,102.8,107.74946666666669,102.8,106.60686666666666
50,101.86666666666666,106.61006666666668,101.86666666666666,105.52513333333332
