20,500,1.0,0.0,50,5,Tournament,3,IPMX,SimpleSwap,ElitismMuPlusLambda,30,4.536134299999944,0,4.640914046666667,0.06484761212551898
4.591861899999995,4.603849200000019,4.631833900000014,4.617560100000045,4.703777499999976,4.6901466999999855,4.6102106000000305,4.637726299999976,4.5744817999999015,4.653077299999943,4.606768600000052,4.627322700000001,4.657107000000046,4.622912500000183,4.713232900000136,4.794017899999886,4.56881800000005,4.570173600000146,4.554116100000115,4.687183000000118,4.705076999999903,4.667756300000079,4.784242699999979,4.686266100000097,4.536134299999944,4.640348600000024,4.573449699999998,4.669797099999613,4.6975732999999025,4.550598699999881
1,4.2,9.598199999999999,3.9,8.401866666666669
2,3.466666666666667,8.918066666666668,3.3666666666666667,7.4486
3,3.2666666666666666,8.552466666666666,3.1,6.832400000000001
4,3.1666666666666665,8.298866666666667,2.8666666666666667,6.308133333333333
5,3.033333333333333,8.040866666666668,2.6666666666666665,5.951266666666666
6,2.7,7.8642666666666665,2.5,5.550200000000001
7,2.466666666666667,7.674733333333331,2.1666666666666665,5.285533333333334
8,2.4,7.473933333333335,1.9666666666666666,5.007200000000001
9,2.3333333333333335,7.270866666666665,1.9,4.686733333333333
10,1.9666666666666666,7.078000000000001,1.7666666666666666,4.417533333333334
11,1.8,6.777333333333332,1.6,4.1774000000000004
12,1.7,6.477133333333334,1.4666666666666666,3.8697333333333344
13,1.5333333333333334,6.089133333333335,1.3666666666666667,3.5520666666666667
14,1.4333333333333333,5.625066666666667,1.2333333333333334,3.234266666666667
15,1.1666666666666667,5.163933333333333,1.0333333333333334,2.9018
16,1.1666666666666667,4.5644,0.9333333333333333,2.5898666666666665
17,1.0,4.090866666666667,0.8666666666666667,2.2727333333333335
18,0.9,3.6724000000000006,0.7333333333333333,2.0459333333333336
19,0.8,3.3445333333333327,0.6666666666666666,1.842
20,0.6666666666666666,2.9395333333333324,0.6333333333333333,1.6582000000000003
21,0.6666666666666666,2.7114000000000003,0.5333333333333333,1.5076
22,0.6,2.4356666666666675,0.5,1.3490666666666664
23,0.5,2.1010666666666666,0.4666666666666667,1.1827999999999999
24,0.5666666666666667,1.8893333333333333,0.4666666666666667,1.0840666666666672
25,0.5,1.7300666666666666,0.4666666666666667,0.959
26,0.5,1.5221333333333336,0.4666666666666667,0.8391333333333333
27,0.5333333333333333,1.2069333333333334,0.4666666666666667,0.7148666666666667
28,0.5,1.0076666666666667,0.4666666666666667,0.6492666666666665
29,0.5333333333333333,0.9639333333333331,0.4666666666666667,0.6247333333333334
30,0.5,0.9113333333333334,0.43333333333333335,0.6192
31,0.43333333333333335,0.9431333333333333,0.4,0.6073999999999999
32,0.43333333333333335,0.936866666666667,0.4,0.5862666666666666
33,0.43333333333333335,0.8478666666666667,0.4,0.5444666666666667
34,0.43333333333333335,0.7543333333333334,0.4,0.5272666666666667
35,0.43333333333333335,0.7406666666666666,0.4,0.5205333333333333
36,0.4,0.7152666666666666,0.4,0.49946666666666667
37,0.4,0.6799333333333333,0.36666666666666664,0.46413333333333334
38,0.4,0.6524666666666665,0.36666666666666664,0.4628
39,0.4,0.6631333333333331,0.36666666666666664,0.45893333333333336
40,0.4,0.6608666666666667,0.36666666666666664,0.4491333333333333
41,0.4,0.597,0.36666666666666664,0.43126666666666663
42,0.4,0.5612666666666667,0.36666666666666664,0.4295333333333333
43,0.4,0.546,0.36666666666666664,0.4229333333333333
44,0.4,0.5763333333333333,0.36666666666666664,0.40719999999999995
45,0.4,0.5239333333333334,0.36666666666666664,0.3998
46,0.4,0.525,0.36666666666666664,0.3998
47,0.4,0.5199333333333334,0.36666666666666664,0.3998
48,0.4,0.5312,0.36666666666666664,0.3998
49,0.4,0.5172,0.36666666666666664,0.3998
50,0.4,0.5127333333333333,0.36666666666666664,0.3998
