900,500,1.0,0.0,50,5,Tournament,3,IPMX,SimpleSwap,ElitismMuPlusLambda,30,27.149152200000685,364,27.331530566666938,0.12398953504523046
27.427917700000013,27.254450200000043,27.19674160000018,27.23667800000024,27.24865750000012,27.289267300000148,27.46212730000019,27.583140499999587,27.251709900000378,27.27631379999997,27.376104700000553,27.358639100000403,27.498343800000384,27.639794899999913,27.53130300000106,27.282481700000858,27.2694462999998,27.25433830000054,27.350278499999717,27.360898400001588,27.364660400000616,27.374236500000393,27.185898100000372,27.149152200000685,27.278871099999037,27.276413300000627,27.26104940000164,27.49438679999946,27.20289729999911,27.209719400000495
1,428.23333333333335,469.7041999999999,427.8,461.83606666666657
2,426.26666666666665,464.79286666666667,424.56666666666666,454.95640000000003
3,423.53333333333336,461.27113333333335,421.5,449.91833333333335
4,422.1666666666667,458.8556000000001,420.1,446.00519999999995
5,417.73333333333335,456.64786666666686,416.6666666666667,442.61906666666675
6,417.53333333333336,455.0790666666666,414.8,439.79646666666673
7,415.3,453.13960000000003,413.1,437.1372000000001
8,414.1,451.36373333333336,412.06666666666666,434.6816666666667
9,411.6333333333333,449.2202,410.3,432.19613333333325
10,409.53333333333336,447.0548666666667,408.53333333333336,429.6956666666667
11,407.3666666666667,444.30753333333337,406.26666666666665,427.0643333333333
12,405.3,441.30473333333333,404.1333333333333,424.3819333333332
13,402.1333333333333,438.1645999999999,401.06666666666666,421.5538666666666
14,399.8,434.54119999999995,398.8666666666667,418.54806666666667
15,397.1333333333333,430.6522000000001,396.23333333333335,415.5251333333334
16,393.73333333333335,426.41159999999996,393.2,412.2491333333333
17,390.3,421.19820000000004,389.9,408.5713333333332
18,387.76666666666665,415.5469333333333,387.1333333333333,404.66306666666674
19,383.56666666666666,409.92766666666665,383.3333333333333,400.6207333333333
20,380.7,404.50559999999984,380.46666666666664,396.56
21,376.46666666666664,399.0386666666666,376.26666666666665,392.4218
22,373.23333333333335,394.2061333333333,373.03333333333336,388.4153333333333
23,369.1,389.6390666666666,368.8,384.54153333333335
24,366.46666666666664,385.29053333333337,366.1,380.72199999999987
25,362.1,381.0595333333333,361.93333333333334,376.8504000000001
26,358.96666666666664,376.87893333333346,358.7,373.0242666666667
27,355.3,373.09739999999994,355.26666666666665,369.3613333333333
28,352.56666666666666,369.54573333333343,352.46666666666664,365.8206666666667
29,349.3666666666667,365.9794666666667,349.1,362.3904666666666
30,346.1333333333333,362.4132000000001,346.1,358.9224666666666
31,343.1,358.96573333333333,342.9,355.5654666666667
32,340.43333333333334,355.6318,340.1666666666667,352.3136666666666
33,337.03333333333336,352.34046666666666,336.93333333333334,349.13073333333335
34,334.43333333333334,349.2734666666666,334.4,346.0541999999999
35,331.53333333333336,346.1184,331.3333333333333,343.0094000000001
36,328.9,343.16446666666667,328.73333333333335,340.0831333333333
37,325.26666666666665,340.1552666666667,325.23333333333335,337.18199999999996
38,322.96666666666664,337.1743333333333,322.7,334.31766666666664
39,320.46666666666664,334.29546666666664,320.3,331.4749333333333
40,318.3,331.42553333333325,318.1666666666667,328.7084666666666
41,315.73333333333335,328.53053333333327,315.6,325.9196
42,313.3333333333333,325.8298666666667,313.2,323.18760000000003
43,311.03333333333336,323.0503333333334,310.93333333333334,320.5356
44,309.26666666666665,320.331,309.1666666666667,317.9725333333334
45,306.9,317.8908666666668,306.8666666666667,315.58919999999995
46,304.4,315.51513333333327,304.26666666666665,313.2914666666666
47,302.7,313.1866666666666,302.6666666666667,311.04686666666674
48,301.26666666666665,310.9221333333333,301.2,308.8675333333333
49,299.03333333333336,308.70199999999994,298.9,306.7314666666667
50,297.03333333333336,306.59366666666665,296.96666666666664,304.62926666666664
