100,500,1.0,0.0,50,5,Tournament,3,IPMX,SimpleSwap,ElitismMuPlusLambda,30,6.521436000000023,32,7.1555243766666665,0.5788282256483074
6.685008099999991,6.736772099999985,7.045442399999981,7.127277499999948,6.763556799999975,6.592187400000043,6.614442100000041,6.726424600000023,6.596934900000058,6.533958199999873,6.521436000000023,6.684732500000038,6.755412400000196,7.177148199999834,7.820337500000008,7.515436099999974,7.249842400000034,7.160226599999959,7.222573100000432,7.306701400000179,7.307532099999918,7.3754460000001245,7.398353699999689,6.824270599999863,7.7292251999999735,7.31679550000004,6.885966899999659,7.823743600000057,7.852450900000264,9.316096499999816
1,37.833333333333336,50.7972,37.4,48.162733333333335
2,36.9,49.13533333333334,36.4,45.89660000000001
3,35.766666666666666,48.09713333333334,35.333333333333336,44.30280000000001
4,35.0,47.40839999999999,34.733333333333334,43.07039999999999
5,34.233333333333334,46.75966666666667,33.96666666666667,42.04026666666666
6,33.666666666666664,46.19799999999999,33.233333333333334,41.13173333333334
7,33.56666666666667,45.6332,32.833333333333336,40.30993333333333
8,33.233333333333334,45.135533333333335,32.46666666666667,39.5326
9,32.4,44.414866666666654,31.833333333333332,38.73273333333335
10,31.633333333333333,43.69839999999999,31.1,37.92606666666667
11,31.233333333333334,42.89413333333333,30.566666666666666,37.12753333333333
12,30.233333333333334,41.95466666666666,29.566666666666666,36.268866666666675
13,29.533333333333335,40.937599999999996,28.933333333333334,35.39233333333333
14,28.6,39.736599999999996,28.066666666666666,34.50073333333333
15,28.033333333333335,38.59373333333334,27.466666666666665,33.57673333333334
16,27.2,37.30806666666667,26.8,32.61553333333334
17,26.133333333333333,35.94786666666666,25.966666666666665,31.6468
18,25.133333333333333,34.719800000000006,25.0,30.657533333333337
19,24.233333333333334,33.32453333333334,24.033333333333335,29.578800000000005
20,23.566666666666666,31.686133333333334,23.4,28.448133333333338
21,22.7,30.16546666666667,22.566666666666666,27.3
22,22.066666666666666,28.57073333333334,21.9,26.152400000000004
23,21.1,27.152599999999993,21.033333333333335,25.05393333333334
24,20.3,25.709466666666668,20.3,23.97486666666667
25,19.366666666666667,24.407133333333334,19.3,23.01626666666666
26,18.766666666666666,23.227866666666664,18.733333333333334,22.07513333333333
27,18.1,22.238866666666674,18.066666666666666,21.20893333333333
28,17.566666666666666,21.35,17.466666666666665,20.345466666666667
29,16.8,20.526733333333333,16.766666666666666,19.546
30,16.233333333333334,19.719733333333338,16.2,18.839400000000005
31,15.7,18.96153333333333,15.666666666666666,18.158000000000005
32,15.266666666666667,18.293533333333333,15.233333333333333,17.501866666666665
33,14.733333333333333,17.6062,14.733333333333333,16.867133333333335
34,14.166666666666666,16.908599999999996,14.166666666666666,16.2718
35,13.9,16.23493333333333,13.9,15.683666666666664
36,13.733333333333333,15.641466666666663,13.666666666666666,15.190999999999999
37,13.5,15.1608,13.5,14.776466666666668
38,13.433333333333334,14.71186666666667,13.4,14.338266666666664
39,13.233333333333333,14.346466666666663,13.233333333333333,14.011466666666662
40,13.166666666666666,14.071933333333334,13.166666666666666,13.789933333333334
41,13.1,13.824000000000002,13.1,13.602066666666667
42,12.966666666666667,13.606866666666669,12.933333333333334,13.405466666666664
43,12.966666666666667,13.431133333333333,12.9,13.2654
44,12.8,13.318733333333336,12.8,13.188333333333334
45,12.8,13.261933333333335,12.8,13.108466666666665
46,12.8,13.168733333333332,12.8,13.029333333333334
47,12.7,13.07306666666667,12.7,12.936466666666664
48,12.666666666666666,12.983533333333332,12.666666666666666,12.887133333333333
49,12.6,12.945333333333336,12.6,12.849133333333333
50,12.6,12.923533333333333,12.6,12.8222
