1000,500,1.0,0.0,50,5,Tournament,3,IPMX,SimpleSwap,ElitismMuPlusLambda,30,29.775533600000088,473,29.974350766666486,0.1437106682639262
30.08694540000001,30.111056000000076,29.98576820000001,29.775533600000088,29.97937749999977,29.86194709999998,30.086489199999505,29.811717300000623,29.8494610000007,30.028485000000785,30.04025669999959,30.007159999999942,30.132464300000038,29.93551359999998,29.809539899998754,29.913542899999925,30.04275849999783,29.912398599999733,30.179066400000465,29.955793299999414,29.788189200000375,29.899402099997474,29.95375200000251,30.395739799998978,30.18198649999954,30.099464699999885,29.835710499997845,29.855185099999062,29.800626899999315,29.915191700002424
1,479.4,522.0078,478.46666666666664,513.6389333333334
2,476.9,516.6062000000002,475.4,506.29406666666665
3,474.23333333333335,513.2159333333334,473.06666666666666,501.053
4,471.8666666666667,510.63446666666664,470.6,496.952
5,468.26666666666665,508.3582,467.06666666666666,493.41073333333344
6,467.2,506.5141333333334,464.8333333333333,490.33486666666676
7,464.03333333333336,504.5816666666667,462.26666666666665,487.5068666666666
8,461.73333333333335,502.7374666666667,459.53333333333336,484.8508666666666
9,460.2,500.3096,458.0,482.1826666666666
10,456.4,497.58893333333333,455.06666666666666,479.3597333333333
11,455.3666666666667,494.0527333333334,453.26666666666665,476.24199999999996
12,451.8,490.37340000000006,450.9,472.91046666666654
13,449.6333333333333,484.9665999999999,448.8666666666667,469.26286666666675
14,446.3333333333333,480.1962666666667,446.0,465.6562666666667
15,443.6666666666667,475.1162666666667,442.76666666666665,461.8804666666666
16,440.6666666666667,470.37233333333336,440.0,458.1727333333334
17,437.46666666666664,465.50539999999995,436.8,454.44966666666664
18,433.7,461.3044666666666,433.1666666666667,450.8572666666666
19,429.8666666666667,457.4276666666666,429.53333333333336,447.2851999999999
20,426.8,453.4628000000001,426.1333333333333,443.66006666666664
21,423.76666666666665,449.474,423.1666666666667,440.0365333333332
22,419.8333333333333,445.4429333333334,419.53333333333336,436.35999999999996
23,416.6666666666667,441.07186666666655,416.06666666666666,432.6892
24,413.8666666666667,436.6963333333333,413.3333333333333,428.96966666666674
25,410.56666666666666,432.62466666666666,410.1666666666667,425.2157333333334
26,407.5,428.06239999999997,407.2,421.4407333333333
27,403.3666666666667,423.8358666666666,403.3666666666667,417.73219999999986
28,399.93333333333334,420.0332666666666,399.76666666666665,414.0939999999999
29,397.06666666666666,416.06406666666663,396.8333333333333,410.5390666666666
30,393.0,412.2161333333334,392.76666666666665,406.98466666666667
31,389.4,408.03506666666664,389.4,403.3954666666668
32,386.26666666666665,403.9175333333333,386.1,399.8102
33,383.46666666666664,399.8182,383.26666666666665,396.26180000000005
34,380.26666666666665,396.15986666666674,380.23333333333335,392.7778666666666
35,376.8,392.57133333333326,376.6666666666667,389.34833333333336
36,374.1333333333333,389.08493333333325,373.96666666666664,385.9792666666666
37,370.8333333333333,385.7316,370.76666666666665,382.7252
38,367.43333333333334,382.4532666666666,367.3333333333333,379.52160000000003
39,365.3333333333333,379.2501333333333,365.1333333333333,376.3943333333334
40,362.0,376.14773333333335,361.8666666666667,373.3075333333333
41,359.6,373.0548666666667,359.26666666666665,370.2507333333333
42,356.56666666666666,369.9914666666665,356.43333333333334,367.32666666666677
43,354.6666666666667,367.13993333333343,354.6,364.52686666666654
44,351.23333333333335,364.39826666666664,351.1666666666667,361.77726666666666
45,348.73333333333335,361.55026666666674,348.6666666666667,359.0475333333334
46,346.93333333333334,358.8934,346.6666666666667,356.4119333333332
47,344.6,356.28340000000003,344.53333333333336,353.8349333333334
48,342.06666666666666,353.80879999999996,341.96666666666664,351.37966666666665
49,340.3666666666667,351.3390666666666,340.1333333333333,348.9894666666667
50,337.8333333333333,349.02106666666674,337.6666666666667,346.71926666666667
