100,500,1.0,0.0,50,5,Tournament,3,IPMX,SimpleSwap,ElitismMuPlusLambda,5
7.127796499999999,6.938553800000001,7.089532599999988,7.154445099999968,6.9989462999998935
1,37.2,50.50599999999999,37.2,47.9816
2,36.0,49.017599999999995,35.6,45.7196
3,34.8,48.068799999999996,34.4,44.1472
4,35.2,47.32600000000001,34.4,42.878
5,33.6,46.408,33.2,41.7676
6,32.6,45.7468,32.4,40.79880000000001
7,32.0,45.300799999999995,31.6,39.884
8,31.6,44.2368,31.0,38.846799999999995
9,31.4,43.1936,30.4,37.8532
10,30.8,42.182399999999994,30.2,36.872
11,29.8,40.526799999999994,29.8,35.739999999999995
12,28.4,39.416,28.2,34.656
13,27.8,37.511199999999995,27.8,33.3916
14,26.4,35.9352,26.0,32.155199999999994
15,26.0,33.718,25.4,30.778399999999998
16,24.6,31.791999999999994,24.2,29.5332
17,25.0,30.218400000000003,24.0,28.4472
18,23.6,28.857999999999997,23.4,27.4304
19,22.6,27.468,22.6,26.351999999999997
20,22.0,26.3408,22.0,25.368800000000004
21,21.8,25.458,21.8,24.4924
22,20.8,24.658799999999996,20.8,23.695200000000003
23,20.2,23.7628,20.2,22.898
24,19.6,23.139199999999995,19.4,22.2896
25,19.0,22.481600000000004,19.0,21.7316
26,18.8,21.861600000000003,18.6,21.152
27,18.6,21.2392,18.6,20.5308
28,18.2,20.6532,18.2,19.9292
29,17.8,20.188799999999997,17.8,19.4544
30,17.4,19.7804,17.4,19.0864
31,17.6,19.39,17.4,18.7156
32,17.2,18.9944,17.2,18.430799999999998
33,16.8,18.6612,16.8,18.1572
34,16.8,18.2468,16.8,17.770000000000003
35,16.6,17.8892,16.6,17.4872
36,16.6,17.606,16.6,17.243199999999998
37,16.4,17.247600000000002,16.4,16.9316
38,16.4,16.928,16.4,16.770400000000002
39,16.4,16.862000000000002,16.4,16.7084
40,16.4,16.7084,16.4,16.575200000000002
41,16.4,16.6452,16.4,16.5036
42,16.2,16.523600000000002,16.2,16.3992
43,16.2,16.499599999999997,16.2,16.3972
44,16.2,16.514,16.2,16.392400000000002
45,16.2,16.5052,16.2,16.3812
46,16.2,16.5036,16.2,16.3548
47,16.2,16.4424,16.2,16.2648
48,16.2,16.306,16.2,16.2
49,16.2,16.274,16.2,16.2
50,16.2,16.299200000000003,16.2,16.2
