500,500,1.0,0.0,50,5,Tournament,3,IPMX,SimpleSwap,ElitismMuPlusLambda,30,16.860711999999808,217,17.210049259999916,0.24308978219149235
16.910910700000024,16.86244799999997,16.908839400000055,16.967462400000045,16.944932500000135,17.012150200000193,16.95218170000004,16.860711999999808,16.97288779999991,17.174863600000208,17.055946099999744,17.27165049999971,17.377712200000303,17.480303599999672,17.28331729999968,17.5383273999999,17.630027499998903,17.43044580000077,17.253665100000035,17.197738600000378,17.08623770000014,17.005193600000382,17.182140100000424,17.26676420000007,17.44864180000002,17.43621599999949,17.659268499999143,17.59503039999811,17.226099099999942,17.3093640000003
1,228.93333333333334,259.66813333333334,228.1,253.74726666666666
2,226.96666666666667,256.15979999999996,225.63333333333333,248.72959999999995
3,225.36666666666667,253.6039333333333,223.66666666666666,245.09439999999998
4,223.26666666666668,251.78853333333336,221.73333333333332,242.19619999999992
5,221.86666666666667,250.21313333333333,220.66666666666666,239.74293333333333
6,219.63333333333333,248.79119999999998,218.8,237.56279999999998
7,219.4,247.43066666666664,217.93333333333334,235.52139999999994
8,216.6,245.89039999999994,215.46666666666667,233.48919999999998
9,215.23333333333332,243.98819999999995,213.83333333333334,231.46386666666666
10,214.3,242.33826666666667,212.76666666666668,229.52759999999995
11,212.83333333333334,240.15853333333337,211.13333333333333,227.54953333333333
12,210.76666666666668,237.77866666666665,209.63333333333333,225.4024666666667
13,209.76666666666668,235.13466666666673,208.5,223.07286666666667
14,206.66666666666666,231.94753333333338,205.96666666666667,220.65480000000008
15,204.56666666666666,228.99353333333332,203.96666666666667,218.30679999999998
16,202.8,225.89860000000002,202.1,215.8144
17,200.3,222.65973333333338,199.9,213.18873333333337
18,198.5,218.79359999999997,198.1,210.4415333333334
19,196.26666666666668,214.9792666666667,196.06666666666666,207.71560000000002
20,193.66666666666666,211.3993333333333,193.56666666666666,205.01979999999998
21,191.1,207.84966666666665,191.03333333333333,202.30673333333334
22,188.53333333333333,204.8315333333333,188.26666666666668,199.65380000000005
23,186.36666666666667,201.5855333333333,186.13333333333333,197.0161333333334
24,183.96666666666667,198.59473333333335,183.8,194.42406666666665
25,181.2,195.62726666666669,181.2,191.8004
26,179.43333333333334,192.71313333333333,179.33333333333334,189.1883333333333
27,176.8,189.74019999999993,176.7,186.61086666666668
28,175.26666666666668,187.0546,175.13333333333333,184.0616
29,172.56666666666666,184.3648,172.53333333333333,181.60840000000002
30,170.46666666666667,181.7696,170.43333333333334,179.2498
31,168.06666666666666,179.20893333333333,167.9,176.8912
32,166.2,176.78873333333337,166.13333333333333,174.53633333333335
33,164.2,174.5492,164.06666666666666,172.3244
34,162.13333333333333,172.32266666666666,162.03333333333333,170.15046666666663
35,160.33333333333334,170.1068666666667,160.23333333333332,168.00526666666664
36,158.33333333333334,167.96753333333336,158.3,165.93539999999996
37,156.53333333333333,165.8183333333334,156.5,163.8866
38,155.03333333333333,163.78699999999998,154.96666666666667,161.90953333333334
39,153.36666666666667,161.84673333333333,153.36666666666667,160.00686666666672
40,151.73333333333332,159.90453333333335,151.73333333333332,158.1652
41,150.46666666666667,158.11366666666666,150.4,156.38840000000002
42,148.66666666666666,156.3276666666667,148.66666666666666,154.68626666666663
43,147.26666666666668,154.62086666666664,147.26666666666668,153.043
44,145.93333333333334,152.99699999999999,145.93333333333334,151.49239999999998
45,144.53333333333333,151.41219999999996,144.46666666666667,149.98293333333328
46,143.63333333333333,149.82626666666664,143.53333333333333,148.52373333333335
47,142.7,148.35886666666667,142.56666666666666,147.12553333333335
48,141.03333333333333,146.95513333333332,140.96666666666667,145.81006666666661
49,140.26666666666668,145.66413333333335,140.13333333333333,144.55313333333336
50,139.46666666666667,144.39699999999996,139.36666666666667,143.3734666666667
