200,500,1.0,0.0,50,5,Tournament,3,Ordered,SimpleSwap,ElitismMuPlusLambda,30,8.547575099999984,86,8.748479510000061,0.09472678179853757
8.547575099999984,8.594076600000003,8.743947899999952,8.727527500000079,8.777302099999972,8.73960629999987,8.762792500000081,8.770883400000187,8.76050070000008,8.773318999999901,8.695999600000135,8.703544700000023,8.673324700000066,8.733619400000038,8.716586300000017,8.742865299999778,8.731008999999915,8.71148249999979,8.727600700000067,8.687856299999993,8.720820100000083,8.733344700000004,8.693415999999985,8.733427300000017,8.770617900000758,8.793537500000582,9.076139899999987,8.838834600000496,8.79879160000047,8.974036099999523
1,84.86666666666666,104.06886666666664,84.53333333333333,99.69106666666667
2,84.13333333333334,103.08059999999998,83.03333333333333,97.19233333333332
3,82.9,102.48286666666668,81.76666666666667,95.50013333333335
4,83.0,102.02126666666665,81.2,94.24980000000002
5,82.7,101.63913333333332,80.9,93.21986666666666
6,82.2,101.18639999999999,80.36666666666666,92.30953333333335
7,81.23333333333333,100.96419999999999,79.83333333333333,91.52293333333333
8,80.73333333333333,100.58840000000004,78.96666666666667,90.77733333333329
9,80.46666666666667,100.45266666666664,78.63333333333334,90.12086666666667
10,79.53333333333333,100.09466666666668,77.83333333333333,89.50346666666668
11,80.1,99.80846666666667,77.36666666666666,88.90526666666665
12,78.7,99.41586666666666,76.8,88.2904
13,78.4,99.09459999999996,76.6,87.64946666666665
14,77.83333333333333,98.53626666666666,76.06666666666666,86.98213333333337
15,77.16666666666667,97.87886666666664,75.73333333333333,86.31726666666665
16,76.0,97.22526666666666,74.73333333333333,85.61639999999998
17,75.86666666666666,96.50166666666665,74.43333333333334,84.8150666666667
18,75.7,95.70740000000002,74.13333333333334,84.05213333333333
19,75.1,94.63346666666666,73.66666666666667,83.19586666666669
20,74.13333333333334,93.43273333333332,73.13333333333334,82.25980000000001
21,74.23333333333333,91.83940000000001,72.9,81.35693333333333
22,73.16666666666667,90.73199999999999,72.2,80.56166666666667
23,72.96666666666667,89.77653333333333,71.93333333333334,79.7182
24,71.9,88.47553333333332,71.33333333333333,78.74926666666668
25,71.83333333333333,86.87466666666666,71.1,77.6702
26,71.1,85.15286666666664,70.56666666666666,76.55799999999999
27,70.06666666666666,83.16393333333332,69.9,75.56719999999999
28,69.7,81.97633333333334,69.33333333333333,74.71333333333334
29,68.53333333333333,80.60466666666666,68.33333333333333,73.76766666666667
30,68.16666666666667,78.9326,67.76666666666667,72.79760000000002
31,67.53333333333333,77.50353333333334,67.26666666666667,71.91166666666666
32,67.53333333333333,76.34953333333333,67.0,71.1162
33,66.46666666666667,74.97146666666667,66.26666666666667,70.28933333333335
34,66.2,73.49659999999999,65.93333333333334,69.41513333333333
35,65.6,72.18553333333332,65.53333333333333,68.54073333333334
36,65.03333333333333,70.9076,64.9,67.75393333333335
37,64.23333333333333,70.09973333333332,64.23333333333333,67.14399999999999
38,64.03333333333333,69.30853333333336,63.9,66.58986666666664
39,63.63333333333333,68.6714,63.63333333333333,65.9842
40,63.36666666666667,67.62166666666668,63.333333333333336,65.36860000000001
41,63.13333333333333,66.7246,63.13333333333333,64.79253333333332
42,62.9,65.9678,62.9,64.33853333333333
43,62.8,65.56766666666667,62.8,64.0038
44,62.333333333333336,64.95506666666667,62.333333333333336,63.63293333333333
45,62.266666666666666,64.28993333333334,62.266666666666666,63.30873333333334
46,62.13333333333333,63.77393333333334,62.13333333333333,62.96573333333334
47,62.06666666666667,63.15953333333332,62.06666666666667,62.72473333333334
48,62.0,62.68006666666667,62.0,62.44766666666666
49,61.9,62.40373333333333,61.9,62.2236
50,61.86666666666667,62.27353333333333,61.86666666666667,62.148933333333325
