700,500,1.0,0.0,50,5,Tournament,3,Ordered,SimpleSwap,ElitismMuPlusLambda,30,21.366345499999852,304,21.742621639999864,0.19025236052689082
21.755002899999976,21.865735500000024,21.760347800000083,21.928329299999717,21.79861840000021,21.669027799999697,21.388464600000106,21.46255220000009,21.82478459999976,21.937632399999757,22.052726099999745,21.9771738000004,21.744559200000083,21.672167800000466,21.55397749999952,21.449944799999912,21.724909499999228,21.811086900000305,21.79576019999888,21.92095479999989,21.853644099999997,21.714860000000726,21.464927399999397,21.366345499999852,21.466955800001415,21.87362459999963,21.84961919999853,21.87144470000044,22.010032999999225,21.713438799998926
1,331.6333333333333,367.62873333333334,330.1666666666667,359.1248000000001
2,330.9,365.77226666666667,328.2,354.57726666666673
3,327.6666666666667,364.74466666666666,325.53333333333336,351.46040000000005
4,327.8666666666667,363.9476666666667,324.1666666666667,349.13733333333334
5,326.26666666666665,363.57966666666664,323.53333333333336,347.2503333333333
6,324.6666666666667,362.96246666666667,321.73333333333335,345.6298
7,324.5,362.61560000000003,320.76666666666665,344.1969333333334
8,323.9,361.9366,319.9,342.8951333333333
9,322.73333333333335,361.3623999999999,318.7,341.6286666666667
10,322.26666666666665,361.1708666666666,317.6666666666667,340.47706666666664
11,321.03333333333336,360.5226666666667,316.26666666666665,339.39799999999997
12,321.6,360.1069333333334,315.8666666666667,338.3212
13,319.26666666666665,359.5521333333334,315.4,337.2052666666666
14,319.3333333333333,358.6233333333333,314.73333333333335,336.0993333333333
15,318.1333333333333,357.36899999999997,314.3,334.80306666666667
16,317.56666666666666,356.5860666666667,314.1666666666667,333.5142666666667
17,314.8333333333333,354.64073333333323,313.26666666666665,331.9228
18,314.6,352.44259999999997,312.3666666666667,330.33633333333336
19,314.0,350.4787999999999,311.5,328.6170666666667
20,313.06666666666666,348.2312666666667,310.8666666666667,326.9050666666666
21,311.9,345.5808666666666,310.26666666666665,325.1147333333332
22,310.26666666666665,342.97400000000005,309.1333333333333,323.3019333333333
23,308.8666666666667,339.9966,307.93333333333334,321.3586000000001
24,308.8,336.02220000000017,306.9,319.23473333333345
25,307.26666666666665,331.96440000000007,305.7,317.27540000000005
26,306.1333333333333,328.8505333333334,305.1333333333333,315.69606666666664
27,305.23333333333335,326.0798000000001,304.3333333333333,313.9925333333334
28,303.96666666666664,323.6562666666667,303.6333333333333,312.3874666666667
29,303.2,321.36006666666674,302.53333333333336,310.6466666666666
30,301.43333333333334,318.6697999999999,301.3,309.08573333333334
31,300.23333333333335,316.28686666666664,300.0,307.37520000000006
32,299.5,313.9481333333334,299.0,305.8694
33,298.6333333333333,311.9788,298.3,304.6134666666667
34,297.93333333333334,309.2384,297.53333333333336,303.22693333333336
35,296.93333333333334,307.26746666666673,296.8,301.93513333333334
36,296.23333333333335,305.66600000000005,296.2,300.86693333333335
37,295.1,304.4921333333333,295.1,299.8302
38,294.56666666666666,303.68140000000005,294.53333333333336,298.73246666666665
39,293.8,301.3843333333333,293.7,297.61493333333334
40,292.96666666666664,299.76126666666664,292.96666666666664,296.6052
41,292.1333333333333,298.5620666666666,292.1333333333333,295.6356
42,291.4,297.23713333333336,291.3333333333333,294.84553333333326
43,290.96666666666664,296.55653333333333,290.7,294.09919999999994
44,290.46666666666664,295.5166,290.43333333333334,293.3070666666666
45,290.1,294.5163333333333,290.06666666666666,292.5044
46,289.6666666666667,293.5170666666666,289.6333333333333,291.8052666666666
47,289.1666666666667,292.7842,289.1333333333333,291.05333333333334
48,288.56666666666666,291.7047333333333,288.56666666666666,290.40726666666666
49,288.5,290.69033333333334,288.4,289.98293333333334
50,288.03333333333336,290.6907333333333,288.03333333333336,289.6544
