1500,500,1.0,0.0,50,5,Tournament,3,Ordered,SimpleSwap,ElitismMuPlusLambda,30,41.02602769999998,727,41.61412680666651,0.6681845308383676
41.27918720000002,41.02602769999998,41.68220599999991,41.8743410000001,41.66178340000042,41.27757629999962,41.175133600001516,41.29061460000054,41.62346650000046,41.24353959999996,41.29412510000077,41.42251440000041,41.651831599998786,41.115375699998935,41.13635689999899,41.29057800000044,41.41775949999885,41.527744199999916,41.031792299998074,41.194157000000814,41.388661700000284,44.402771500001336,42.49535219999825,42.93868700000007,41.88681180000185,41.84803509999915,41.51834369999892,41.69848379999962,41.34224839999888,41.68829839999853
1,738.0333333333333,789.243,733.0,777.0021333333333
2,731.4333333333333,787.1303333333332,728.5666666666667,770.4110666666669
3,730.2666666666667,785.4484666666666,724.9333333333333,765.8196666666666
4,727.6333333333333,784.6647333333332,722.1333333333333,762.3633333333335
5,729.4666666666667,784.0951999999999,721.9333333333333,759.6051333333332
6,729.2,783.2816,721.2333333333333,757.3031999999998
7,727.2333333333333,782.4700666666668,719.9666666666667,755.1771333333334
8,724.1666666666666,781.5085999999997,718.0,753.1370666666668
9,722.4,781.3177333333333,716.6666666666666,751.4656666666667
10,723.6333333333333,780.2216666666667,716.2,749.7478666666668
11,721.0333333333333,779.8166666666667,715.6666666666666,748.1128666666666
12,720.2333333333333,778.6382,714.8,746.3522000000002
13,719.0333333333333,777.9793333333332,714.0666666666667,744.6285333333333
14,718.0666666666667,776.5650666666667,712.9,742.7699333333333
15,716.8,774.5729333333334,712.8333333333334,740.7008666666666
16,715.1666666666666,773.0960000000001,711.6,738.5706000000001
17,712.1666666666666,769.7129999999999,709.7333333333333,736.1546
18,712.5666666666667,767.1319333333333,709.2,733.751
19,711.7333333333333,762.9074666666669,708.5,730.8946666666668
20,709.1666666666666,757.7903333333331,707.0,727.7689999999999
21,707.1,752.6166666666667,705.0666666666667,724.6936666666667
22,705.3333333333334,746.4538666666668,702.7,721.6966666666667
23,704.3,740.9860666666666,701.4333333333333,718.9329999999999
24,703.0,737.4434666666667,700.1666666666666,716.3454
25,701.4,734.5498,699.1666666666666,714.252666666667
26,699.3333333333334,732.2780666666666,698.1666666666666,712.2296
27,697.5666666666667,729.4797333333335,696.2333333333333,710.2533333333334
28,696.7666666666667,726.9192000000002,694.5666666666667,708.2995999999999
29,694.4,723.3869333333334,693.0333333333333,706.0750000000002
30,691.7333333333333,720.6629333333333,691.0333333333333,703.9549333333331
31,690.9333333333333,716.1647333333333,690.0666666666667,701.8736666666667
32,689.8,712.7406666666667,688.6,699.5738
33,688.8333333333334,709.3757333333335,687.9,697.0675333333334
34,687.5333333333333,706.5421333333331,686.3666666666667,695.5458666666668
35,686.0333333333333,704.9526000000001,685.0333333333333,694.0475333333331
36,684.2666666666667,701.6521333333334,683.6666666666666,692.2933333333333
37,682.7333333333333,699.7257999999998,682.3333333333334,690.6987333333332
38,682.3666666666667,697.5717333333333,681.5666666666667,688.8397333333336
39,681.5,694.6226000000001,680.8,687.2721333333335
40,680.1,693.0763333333332,679.6666666666666,685.8321333333333
41,678.7333333333333,691.2256000000001,678.7,684.3170666666667
42,677.0,689.2898666666666,676.9,682.7564
43,676.7333333333333,686.9298,676.1666666666666,681.6436
44,676.0333333333333,685.9165333333333,675.4,680.6796666666667
45,674.6333333333333,684.3655333333334,674.4,679.4241333333332
46,674.1666666666666,682.9889333333334,673.7333333333333,678.1291333333334
47,673.7,681.2459333333335,673.3,677.0025333333332
48,672.8666666666667,679.0822666666667,672.6333333333333,675.8272000000001
49,672.3,677.4357999999999,671.8333333333334,674.6802
50,671.7666666666667,676.0334,671.4333333333333,674.0476666666667
