600,500,1.0,0.0,50,5,Tournament,3,Ordered,SimpleSwap,ElitismMuPlusLambda,30,18.575230399998645,259,18.923199560000015,0.22712741252949015
18.954632499999995,19.04667150000001,19.182915800000046,19.38719439999997,19.20622709999988,19.178015300000055,19.102031299999823,19.0492304,18.877260700000022,18.833098200000137,19.052720399999913,19.32249879999972,19.300856100000885,19.183592599999997,18.79605899999973,18.65076679999993,18.754674299999863,18.62782590000012,18.798797499999864,18.797571600000424,18.758396900000378,18.575230399998645,18.747154599999703,18.821814300000256,18.798043000000803,18.75215349999928,18.61022390000028,18.73329580000052,18.886072199999944,18.910962000000268
1,281.73333333333335,314.83299999999997,279.53333333333336,306.9360666666666
2,279.76666666666665,313.1184666666666,277.3,302.66759999999994
3,278.3,312.2016666666667,275.96666666666664,299.84206666666665
4,278.6333333333333,311.5767333333333,275.1666666666667,297.6826
5,276.6333333333333,311.0423333333334,273.9,295.90613333333334
6,276.23333333333335,310.47460000000007,273.23333333333335,294.3854666666667
7,275.5,309.86333333333334,272.6666666666667,293.01466666666664
8,274.03333333333336,309.49193333333346,271.7,291.74073333333325
9,274.1,308.9651333333334,271.26666666666665,290.5838
10,272.5,308.3194000000001,270.3333333333333,289.41313333333335
11,271.8,307.7612666666667,269.2,288.3026666666667
12,270.93333333333334,306.80460000000005,268.56666666666666,287.0438
13,270.53333333333336,305.7458,267.93333333333334,285.7316
14,269.3,304.1607333333333,267.1333333333333,284.3743333333333
15,268.26666666666665,302.96173333333337,266.3,283.09833333333336
16,268.6333333333333,301.4424666666667,265.93333333333334,281.6772
17,266.2,299.46060000000006,264.3666666666667,280.2606000000001
18,266.3333333333333,296.98993333333334,263.9,278.6512666666667
19,265.2,294.8502,263.3,277.3651333333333
20,263.56666666666666,293.02093333333335,262.43333333333334,275.9324
21,263.8666666666667,291.08813333333336,262.03333333333336,274.24373333333335
22,261.3666666666667,288.1092,260.3333333333333,272.4723333333333
23,262.1666666666667,284.82226666666674,260.0,270.8438
24,261.0,282.3178666666667,259.1666666666667,269.17519999999996
25,260.3666666666667,279.8587333333333,258.8333333333333,267.81226666666663
26,258.9,277.9187333333333,257.8333333333333,266.36333333333334
27,256.93333333333334,274.9503333333333,256.3,265.0188
28,256.6,272.92040000000003,255.53333333333333,263.53773333333334
29,256.23333333333335,270.28153333333336,255.2,261.9861333333333
30,255.0,268.56879999999995,254.23333333333332,260.88826666666665
31,254.56666666666666,266.4958666666667,253.7,259.8458
32,253.53333333333333,264.92973333333333,252.93333333333334,258.7192666666666
33,252.5,262.2979333333334,252.1,257.4484
34,251.83333333333334,260.10886666666664,251.36666666666667,256.16226666666665
35,250.9,258.0972666666666,250.66666666666666,255.08040000000003
36,250.2,257.27073333333334,249.9,254.16133333333337
37,249.53333333333333,256.1463333333333,249.33333333333334,253.17513333333332
38,248.76666666666668,254.7222,248.6,252.24986666666663
39,247.83333333333334,253.83946666666665,247.83333333333334,251.34839999999994
40,247.0,252.7566666666667,246.93333333333334,250.37666666666667
41,246.6,251.70966666666666,246.43333333333334,249.56246666666667
42,245.96666666666667,250.4842,245.93333333333334,248.88699999999997
43,245.56666666666666,249.66346666666666,245.46666666666667,248.0422
44,244.93333333333334,248.67160000000004,244.93333333333334,247.245
45,244.5,247.70879999999997,244.5,246.6818
46,243.83333333333334,247.21326666666667,243.83333333333334,246.1118666666667
47,243.56666666666666,246.5007333333333,243.53333333333333,245.61106666666666
48,243.26666666666668,246.03133333333332,243.23333333333332,245.05346666666668
49,242.66666666666666,245.63833333333335,242.66666666666666,244.49006666666668
50,242.33333333333334,245.12733333333333,242.33333333333334,244.02153333333334
