300,500,1.0,0.0,50,5,Tournament,3,Ordered,SimpleSwap,ElitismMuPlusLambda,30,11.242295299999881,126,11.52482653000007,0.20069464123811143
11.4177391,12.059910599999997,11.780083600000037,11.71921700000005,11.773924999999984,12.008998599999913,11.486310500000243,11.368788600000101,11.276003200000233,11.242295299999881,11.320644499999844,11.358667700000069,11.435084699999948,11.416154399999812,11.438285600000114,11.386147399999885,11.309053300000073,11.460719200000113,11.690971300000001,11.614227900000401,11.432460799999944,11.408285799999192,11.410873500000719,11.352031200000908,11.543994700000212,11.640422199999705,11.610704399999634,11.573783700000604,11.604036300000075,11.604975800000432
1,133.7,156.64486666666667,132.5,151.22766666666666
2,131.83333333333334,155.47293333333334,130.8,148.21233333333333
3,131.53333333333333,154.91026666666667,129.86666666666667,146.1919333333334
4,130.83333333333334,154.28486666666666,128.96666666666667,144.65166666666667
5,129.43333333333334,153.80986666666664,127.53333333333333,143.40213333333338
6,129.53333333333333,153.44660000000002,126.7,142.29286666666667
7,128.43333333333334,153.09279999999998,126.06666666666666,141.34459999999999
8,128.7,152.86433333333332,125.86666666666666,140.52213333333336
9,127.93333333333334,152.62873333333334,125.3,139.72193333333334
10,127.63333333333334,152.29013333333333,124.96666666666667,138.97133333333338
11,126.8,151.92539999999997,124.7,138.24746666666667
12,127.13333333333334,151.5356,124.36666666666666,137.5638
13,126.0,150.9704,123.83333333333333,136.8576666666667
14,124.83333333333333,150.59693333333334,122.9,136.10873333333336
15,125.06666666666666,149.9064666666667,122.63333333333334,135.3378
16,124.1,149.01466666666664,122.06666666666666,134.40313333333333
17,124.46666666666667,147.98960000000002,121.56666666666666,133.5084
18,123.26666666666667,146.7578,120.93333333333334,132.56619999999998
19,122.23333333333333,145.5546,120.43333333333334,131.6696
20,122.4,144.40373333333338,120.23333333333333,130.73226666666665
21,121.33333333333333,143.13186666666664,119.43333333333334,129.68520000000004
22,119.96666666666667,141.1238,118.5,128.61386666666667
23,119.66666666666667,139.93866666666665,118.16666666666667,127.64173333333333
24,118.76666666666667,138.34026666666668,117.9,126.51846666666668
25,118.56666666666666,136.3818,117.5,125.32526666666666
26,117.3,134.36506666666665,116.66666666666667,124.16239999999998
27,116.63333333333334,132.63806666666667,116.06666666666666,123.09039999999997
28,116.0,130.71480000000003,115.63333333333334,122.09760000000001
29,115.16666666666667,129.00780000000003,114.86666666666666,120.95806666666665
30,113.96666666666667,126.71500000000005,113.5,119.79320000000003
31,113.46666666666667,124.75773333333335,113.1,118.6002
32,112.73333333333333,122.56313333333333,112.43333333333334,117.2372
33,111.93333333333334,120.49433333333332,111.73333333333333,116.17620000000001
34,111.2,118.62400000000002,110.8,115.01026666666668
35,110.53333333333333,116.87586666666668,110.23333333333333,114.01646666666666
36,109.56666666666666,115.76213333333332,109.36666666666666,113.09519999999999
37,109.26666666666667,114.58733333333335,108.96666666666667,112.24386666666665
38,108.56666666666666,113.59480000000003,108.26666666666667,111.35219999999998
39,108.23333333333333,112.46913333333333,108.06666666666666,110.6034
40,107.7,111.49373333333331,107.53333333333333,109.91026666666669
41,107.1,110.69786666666666,107.0,109.28993333333334
42,106.73333333333333,110.08193333333334,106.6,108.64226666666667
43,106.2,109.0604,106.06666666666666,108.07533333333336
44,106.0,108.37620000000001,105.86666666666666,107.68633333333331
45,105.83333333333333,108.12073333333333,105.7,107.29233333333332
46,105.8,107.5618,105.63333333333334,106.87793333333333
47,105.46666666666667,106.84186666666668,105.36666666666666,106.4368
48,105.43333333333334,106.4814,105.33333333333333,106.12273333333333
49,105.26666666666667,106.18159999999997,105.2,105.911
50,105.06666666666666,105.96853333333335,105.03333333333333,105.68973333333334
