20,500,1.0,0.0,50,5,Tournament,3,Ordered,SimpleSwap,ElitismMuPlusLambda,30,4.462000299999971,2,4.513715606666651,0.05254879739098418
4.548766099999998,4.745663799999993,4.505803799999992,4.4670661000000464,4.47086199999999,4.462000299999971,4.514308400000065,4.468193400000018,4.5011278999998865,4.483389799999976,4.501002599999943,4.56961490000004,4.557518599999959,4.501056699999971,4.547143899999838,4.492877799999889,4.521477299999987,4.521144599999758,4.473905800000082,4.4888397000001135,4.498715999999888,4.521890400000089,4.507987899999833,4.526117799999668,4.483151700000079,4.525254399999966,4.551675800000069,4.501677000000285,4.472699199999994,4.480534500000118
1,3.9,9.696866666666665,3.7333333333333334,8.438333333333334
2,3.6666666666666665,9.258599999999998,3.3666666666666667,7.604866666666666
3,3.3666666666666667,8.958866666666667,3.066666666666667,7.0292
4,3.4,8.750399999999997,3.0,6.565933333333333
5,3.0,8.588733333333332,2.8333333333333335,6.2214
6,3.1,8.478066666666667,2.7333333333333334,5.953333333333332
7,2.9,8.344333333333331,2.566666666666667,5.649066666666667
8,2.7666666666666666,8.252266666666666,2.466666666666667,5.416533333333333
9,2.6,8.113733333333334,2.2666666666666666,5.231933333333333
10,2.566666666666667,8.021533333333332,2.2,5.027066666666667
11,2.3,7.8858,2.0,4.790933333333333
12,2.2333333333333334,7.682133333333331,1.8333333333333333,4.5226
13,2.1666666666666665,7.487199999999999,1.7333333333333334,4.319133333333334
14,2.0,7.289333333333334,1.6666666666666667,4.120133333333333
15,1.8333333333333333,7.084733333333332,1.6,3.8842666666666665
16,1.7333333333333334,6.860733333333333,1.5,3.670466666666668
17,1.8,6.4441333333333315,1.4666666666666666,3.4252666666666656
18,1.6,6.1164000000000005,1.3333333333333333,3.2053999999999996
19,1.5666666666666667,5.7806000000000015,1.3333333333333333,2.984333333333333
20,1.5,5.358666666666668,1.3333333333333333,2.7564000000000006
21,1.4,4.822066666666666,1.2666666666666666,2.5145333333333335
22,1.3333333333333333,4.510199999999999,1.2333333333333334,2.3146666666666667
23,1.3333333333333333,4.0932,1.1666666666666667,2.116533333333334
24,1.3,3.6149333333333336,1.1333333333333333,1.9094666666666669
25,1.2,3.179000000000001,1.1,1.7442666666666669
26,1.2333333333333334,2.8873333333333333,1.1,1.6811999999999998
27,1.2666666666666666,2.8539333333333325,1.1,1.6301333333333332
28,1.2,2.7356,1.1,1.5634666666666668
29,1.1666666666666667,2.678533333333333,1.0666666666666667,1.483866666666667
30,1.1666666666666667,2.5068000000000006,1.0666666666666667,1.4328
31,1.1666666666666667,2.4448666666666665,1.0666666666666667,1.4036000000000002
32,1.1,2.3772,1.0666666666666667,1.3644666666666667
33,1.1,2.3665333333333334,1.0666666666666667,1.3508666666666664
34,1.1333333333333333,2.3786666666666667,1.0666666666666667,1.3414666666666666
35,1.1,2.3928000000000003,1.0666666666666667,1.3156666666666665
36,1.0666666666666667,2.2186666666666666,1.0666666666666667,1.2552666666666668
37,1.1,1.9447999999999999,1.0666666666666667,1.2236
38,1.1,1.9520000000000002,1.0666666666666667,1.2190666666666667
39,1.1,1.9604666666666668,1.0666666666666667,1.2106666666666668
40,1.1,1.9761333333333333,1.0666666666666667,1.1902666666666666
41,1.1,1.8818,1.0666666666666667,1.1561333333333332
42,1.1,1.795533333333333,1.0666666666666667,1.1484666666666667
43,1.0666666666666667,1.7923333333333338,1.0666666666666667,1.1318666666666668
44,1.1,1.7704,1.0666666666666667,1.1072
45,1.1,1.6667333333333334,1.0666666666666667,1.0997333333333335
46,1.1,1.6306000000000003,1.0666666666666667,1.0997333333333335
47,1.1,1.6623333333333339,1.0666666666666667,1.0997333333333335
48,1.1,1.6447333333333336,1.0666666666666667,1.0997333333333335
49,1.1,1.6349333333333331,1.0666666666666667,1.0997333333333335
50,1.0666666666666667,1.6722666666666666,1.0666666666666667,1.0996666666666668
