1000,500,1.0,0.0,50,5,Tournament,3,Ordered,SimpleSwap,ElitismMuPlusLambda,30,28.533583400000097,482,28.95964703999987,0.25534916166979604
28.963648500000005,28.720743900000024,28.533583400000097,28.618942000000004,28.699178500000073,29.07657189999992,29.299103200000047,29.41475489999982,29.07948240000036,28.692145299999538,28.62821909999957,29.134717799999805,29.09335770000007,29.264598499999806,29.038016399999606,28.929549599999405,28.69961550000005,28.84683280000013,29.112871100000348,29.322653599998603,29.18118290000075,28.957772799999475,28.586986599999477,28.840051499999845,29.034088999999085,29.346497699999077,29.265628099999617,28.938074600000164,28.726329799999803,28.744212100001505
1,483.6666666666667,525.6257333333334,481.5,515.5504666666667
2,481.06666666666666,523.6303333333333,478.03333333333336,510.05466666666666
3,478.7,522.6609333333334,475.03333333333336,506.49280000000005
4,477.26666666666665,521.6910000000001,473.1,503.69620000000003
5,475.6333333333333,521.071,471.26666666666665,501.4607333333334
6,475.1666666666667,520.5816,469.8,499.5271333333334
7,475.03333333333336,519.7375333333333,468.5,497.82666666666665
8,473.9,519.5259333333335,467.8,496.2592000000001
9,470.8,519.0398666666665,465.93333333333334,494.8407333333333
10,470.3,518.3930666666666,465.1,493.43373333333335
11,470.1666666666667,517.6544666666666,464.7,492.0098666666667
12,468.8333333333333,516.8941333333331,464.3333333333333,490.68733333333336
13,468.6666666666667,516.1934,463.3333333333333,489.33973333333336
14,466.8666666666667,514.9304,463.0,487.75893333333335
15,466.53333333333336,513.5047333333333,462.46666666666664,486.07693333333333
16,465.3666666666667,511.5154666666667,461.6666666666667,484.37039999999996
17,462.8666666666667,509.6175333333332,460.1333333333333,482.648
18,462.3333333333333,507.8608000000001,459.73333333333335,480.9278
19,461.03333333333336,505.41226666666654,458.3,479.1166666666666
20,459.96666666666664,502.73520000000013,457.76666666666665,477.2804666666667
21,457.8333333333333,500.5598666666667,456.3666666666667,475.27799999999996
22,457.7,497.0194000000001,455.4,473.3261333333334
23,455.23333333333335,493.8844666666666,453.9,471.07626666666664
24,454.1666666666667,490.1164666666666,452.6333333333333,468.6173333333333
25,453.46666666666664,485.4896666666667,451.53333333333336,466.1818
26,452.0,481.3759333333334,450.3333333333333,464.13293333333337
27,450.1333333333333,477.8272666666668,449.5,461.97066666666666
28,449.2,474.9996,448.3,459.98760000000004
29,447.6333333333333,471.96566666666655,446.8333333333333,457.7525999999999
30,445.0,467.81406666666663,444.56666666666666,455.4324
31,444.1333333333333,464.2963333333334,443.6666666666667,453.6669333333333
32,444.06666666666666,462.02033333333327,443.26666666666665,451.89713333333333
33,442.43333333333334,460.1472666666666,442.03333333333336,450.0762666666667
34,441.6,457.90400000000005,441.1,448.19826666666665
35,439.56666666666666,454.11719999999997,439.23333333333335,446.28733333333327
36,438.53333333333336,451.5013333333333,437.93333333333334,444.7969333333333
37,438.1333333333333,449.31193333333334,437.6,443.4731333333333
38,436.93333333333334,447.22080000000005,436.73333333333335,442.0978666666667
39,436.3333333333333,445.02359999999993,436.1,440.64386666666667
40,435.53333333333336,443.10906666666665,435.3666666666667,439.28566666666666
41,434.2,441.25293333333326,434.1333333333333,438.1516666666667
42,433.5,439.8383999999999,433.1333333333333,437.2059333333334
43,432.23333333333335,438.4354666666667,432.23333333333335,436.3914666666668
44,431.8333333333333,437.39453333333336,431.53333333333336,435.4360666666667
45,431.26666666666665,435.9660666666666,431.26666666666665,434.4802000000001
46,430.1666666666667,434.60133333333334,430.1666666666667,433.53479999999985
47,429.73333333333335,433.61699999999996,429.6,432.64446666666663
48,429.1666666666667,432.7498,429.1666666666667,431.8076666666667
49,428.6666666666667,431.89786666666674,428.6666666666667,431.06273333333337
50,428.06666666666666,431.10519999999997,428.06666666666666,430.2151333333333
