20,500,1.0,0.0,50,5,Tournament,3,PMXCastudil,SimpleSwap,ElitismMuPlusLambda,30,4.4780332999999946,4,4.623864633333326,0.07488520984785473
4.4780332999999946,4.645761100000006,4.62878790000001,4.522329499999966,4.5999480000000155,4.582021499999968,4.668743500000097,4.631161900000087,4.630054900000047,4.660046099999967,4.701943299999996,4.613110100000021,4.688681600000024,4.616125000000068,4.615583099999881,4.560925399999931,4.58084510000009,4.61540609999993,4.5220960999998425,4.582158999999862,4.588659199999967,4.54213279999999,4.60799449999999,4.594620200000094,4.652262899999869,4.823717600000009,4.773053300000157,4.60640499999991,4.6057677999999385,4.77756320000006
1,3.9,9.625466666666664,3.8666666666666667,8.422133333333333
2,3.9,9.075066666666666,3.6333333333333333,7.518200000000002
3,3.3333333333333335,8.783266666666664,3.1333333333333333,6.951066666666667
4,2.9,8.515266666666665,2.7,6.4422
5,3.0,8.361666666666668,2.533333333333333,6.143533333333333
6,2.7,8.192400000000003,2.3666666666666667,5.831666666666666
7,2.6333333333333333,8.079,2.2666666666666666,5.5124
8,2.533333333333333,7.927133333333331,2.1333333333333333,5.3202
9,2.466666666666667,7.8408,2.033333333333333,5.137866666666666
10,2.4,7.6944,2.0,4.918266666666667
11,2.1333333333333333,7.579800000000001,1.8333333333333333,4.683266666666668
12,1.9666666666666666,7.383666666666667,1.7,4.469200000000001
13,2.033333333333333,7.187333333333333,1.6333333333333333,4.287866666666667
14,1.7,6.961333333333332,1.4666666666666666,4.061066666666667
15,1.5666666666666667,6.585333333333335,1.3666666666666667,3.767533333333332
16,1.5,6.0622,1.2666666666666666,3.447133333333334
17,1.3333333333333333,5.573866666666666,1.0666666666666667,3.152066666666666
18,1.3,5.129000000000001,0.9666666666666667,2.8794
19,1.1666666666666667,4.777666666666666,0.8333333333333334,2.6494
20,0.9333333333333333,4.523666666666667,0.7666666666666667,2.453266666666666
21,0.7666666666666667,4.199066666666667,0.6666666666666666,2.2095333333333333
22,0.6666666666666666,3.7166,0.6,1.9501999999999997
23,0.6666666666666666,3.269600000000001,0.6,1.7404666666666668
24,0.6333333333333333,2.912733333333333,0.5666666666666667,1.5847333333333333
25,0.5333333333333333,2.6809999999999996,0.4666666666666667,1.4065333333333336
26,0.5666666666666667,2.4687333333333337,0.4666666666666667,1.2345333333333335
27,0.4666666666666667,2.2095333333333333,0.4,1.1075333333333335
28,0.4,1.9604666666666664,0.3333333333333333,0.9629333333333333
29,0.4,1.6586666666666663,0.3333333333333333,0.8125999999999999
30,0.26666666666666666,1.4274666666666669,0.26666666666666666,0.7256
31,0.26666666666666666,1.36,0.26666666666666666,0.6602666666666666
32,0.23333333333333334,1.2044666666666664,0.23333333333333334,0.6073999999999999
33,0.26666666666666666,1.0179333333333334,0.2,0.5221333333333333
34,0.23333333333333334,0.8146000000000002,0.2,0.44500000000000006
35,0.23333333333333334,0.7186666666666667,0.2,0.36893333333333334
36,0.23333333333333334,0.5786000000000001,0.2,0.3142666666666667
37,0.2,0.511,0.2,0.2912
38,0.23333333333333334,0.4812,0.2,0.27553333333333335
39,0.2,0.45180000000000003,0.2,0.26093333333333335
40,0.16666666666666666,0.46746666666666664,0.16666666666666666,0.2522
41,0.16666666666666666,0.4386,0.16666666666666666,0.23220000000000002
42,0.16666666666666666,0.40733333333333327,0.16666666666666666,0.23079999999999998
43,0.16666666666666666,0.41566666666666663,0.16666666666666666,0.22946666666666668
44,0.16666666666666666,0.4320666666666667,0.16666666666666666,0.22553333333333334
45,0.13333333333333333,0.4282666666666667,0.13333333333333333,0.21406666666666666
46,0.16666666666666666,0.3736666666666666,0.13333333333333333,0.1896
47,0.13333333333333333,0.34613333333333335,0.13333333333333333,0.173
48,0.16666666666666666,0.3215333333333333,0.13333333333333333,0.16653333333333334
49,0.13333333333333333,0.3258666666666666,0.13333333333333333,0.16646666666666665
50,0.13333333333333333,0.3174666666666666,0.13333333333333333,0.16633333333333333
