101,500,1.0,0.0,50,5,Tournament,3,PMXCastudil,SimpleSwap,ElitismMuPlusLambda,50
8.200629100000011,7.8736862,7.959637399999998,7.599936999999944,7.663001599999973,7.788006000000038,8.068455700000001,7.928124200000042,7.815682800000019,7.713637200000079,8.179592999999969,7.914222400000028,7.962970799999965,7.8163090999998275,7.43368930000004,7.440647899999732,7.542077599999885,7.611330999999865,7.603922399999874,7.399052799999765,7.945260000000189,7.616588999999749,7.57436889999974,7.812048699999906,7.973071599999713,7.557170299999996,7.527844900000474,7.666496899999743,8.284787999999793,7.6740344999999195,7.652623500000175,7.9413318000006825,7.916403999999716,7.4532844999998815,7.633473000000208,7.879642199999864,7.909479999999405,7.793919299999743,8.085685100000376,7.273661599999855,7.781775900000241,7.973145700000089,7.804425300000219,7.940671899999472,7.624507000000676,7.813813499999355,8.40728539999975,7.960342799999637,7.720021399999723,8.604614899999376
1,38.5,51.34076000000002,37.96,48.622159999999994
2,37.24,49.8432,36.7,46.42792
3,36.36,48.940359999999984,35.74,44.92812
4,36.1,48.24536000000001,35.3,43.75116
5,34.92,47.62963999999998,34.4,42.75816
6,34.44,47.15987999999999,33.66,41.90832
7,33.98,46.639599999999994,33.08,41.12675999999998
8,33.14,46.16208000000002,32.44,40.41371999999999
9,32.76,45.68980000000001,31.9,39.72796
10,31.98,45.24951999999998,31.14,39.04516
11,31.9,44.59424,30.88,38.36647999999998
12,30.96,43.8896,30.22,37.66336
13,30.42,43.257960000000004,29.88,36.92424
14,29.68,42.23068,29.22,36.087199999999996
15,28.8,40.96596,28.42,35.15447999999999
16,28.08,39.46019999999999,27.74,34.13308000000001
17,27.46,38.03988,26.98,33.09607999999999
18,26.58,36.514239999999994,26.2,32.05647999999999
19,25.9,34.97415999999999,25.66,31.002520000000004
20,24.82,33.53236,24.76,29.95276
21,23.72,32.19236,23.68,28.87675999999999
22,23.0,30.762880000000006,22.82,27.799119999999995
23,22.34,29.41208,22.16,26.752320000000005
24,21.36,28.08596,21.22,25.73940000000001
25,20.42,26.972720000000002,20.36,24.791200000000007
26,19.92,25.892599999999998,19.76,23.897040000000008
27,19.16,24.813720000000004,19.04,22.982000000000003
28,18.24,23.831079999999996,18.16,22.11060000000001
29,17.48,22.895799999999994,17.4,21.278760000000002
30,16.88,22.034480000000002,16.74,20.469200000000004
31,16.18,21.195439999999998,16.1,19.686759999999996
32,15.62,20.348999999999997,15.46,18.93092
33,15.2,19.558239999999998,15.06,18.186919999999997
34,14.56,18.74516000000001,14.54,17.49404
35,14.28,18.021119999999996,14.22,16.825480000000006
36,13.78,17.293520000000004,13.74,16.205640000000002
37,13.28,16.6308,13.26,15.64928
38,13.0,15.999440000000003,12.9,15.080959999999997
39,12.7,15.453640000000005,12.62,14.612079999999999
40,12.46,14.94628,12.42,14.129160000000002
41,12.12,14.41136,12.06,13.674360000000004
42,11.98,13.95556,11.92,13.27776
43,11.78,13.57192,11.72,12.956360000000004
44,11.58,13.25944,11.56,12.668960000000002
45,11.44,12.984120000000004,11.44,12.41
46,11.42,12.682279999999997,11.4,12.157960000000001
47,11.24,12.39936,11.24,11.921760000000004
48,11.18,12.177559999999998,11.12,11.756880000000006
49,11.08,11.995,11.08,11.599479999999996
50,11.04,11.843920000000002,11.02,11.469479999999999
