500,500,1.0,0.0,50,5,Tournament,3,PMXCastudil,SimpleSwap,ElitismMuPlusLambda,30,35.222345499999165,189,41.57217822333361,3.1654960771667198
42.66588359999995,42.720482000000096,41.60614879999969,37.428370499999915,42.82239899999999,42.76225530000008,40.71376800000047,41.1802942999999,42.168292299999905,43.506301799999335,38.31087160000038,38.88466119999924,45.43783489999976,45.02524130000029,45.855451699999094,41.23186020000037,43.25288420000015,44.65709029999982,36.23793480000029,37.88545470000065,36.62865780000004,44.87968139999998,44.038438399998654,35.222345499999165,40.09191400000418,37.562095399999635,46.21018690000142,46.314357400002564,41.427276200000506,40.43691320000289
1,230.3,259.8981333333333,230.13333333333333,253.8436666666667
2,227.4,256.4340666666667,226.43333333333334,248.8912666666666
3,225.86666666666667,254.1386666666667,224.63333333333333,245.3374
4,225.3,252.59386666666668,223.13333333333333,242.58193333333335
5,222.2,250.92733333333334,221.26666666666668,240.24233333333333
6,221.43333333333334,249.75033333333337,219.63333333333333,238.22126666666674
7,219.43333333333334,248.45213333333328,218.16666666666666,236.33346666666662
8,218.46666666666667,247.39873333333333,216.83333333333334,234.57219999999998
9,216.6,246.14106666666666,215.1,232.88646666666665
10,215.86666666666667,244.76946666666666,214.23333333333332,231.22359999999998
11,213.2,243.37113333333335,212.33333333333334,229.51179999999997
12,213.26666666666668,241.38993333333335,211.6,227.69766666666666
13,211.7,239.49733333333336,210.56666666666666,225.86026666666663
14,209.16666666666666,237.12393333333333,208.76666666666668,223.89859999999996
15,208.2,234.2004666666666,206.93333333333334,221.71759999999998
16,205.83333333333334,230.97206666666668,204.96666666666667,219.31173333333336
17,203.4,227.3816,203.0,216.77193333333332
18,200.56666666666666,224.1232666666667,200.4,214.26119999999997
19,198.73333333333332,220.55480000000003,198.26666666666668,211.64286666666666
20,196.0,217.075,195.63333333333333,209.00319999999996
21,193.8,213.5474666666667,193.46666666666667,206.29806666666667
22,190.36666666666667,209.9707333333333,190.26666666666668,203.4967333333333
23,188.43333333333334,206.35486666666665,187.83333333333334,200.6804666666667
24,186.16666666666666,203.14726666666664,185.83333333333334,197.97953333333328
25,183.43333333333334,200.08026666666666,183.33333333333334,195.33399999999997
26,181.16666666666666,197.40900000000005,181.03333333333333,192.75093333333328
27,178.53333333333333,194.79059999999998,178.4,190.1912666666667
28,176.96666666666667,192.33853333333337,176.5,187.7230666666667
29,173.83333333333334,189.7797333333333,173.73333333333332,185.28693333333334
30,172.0,187.45300000000003,171.83333333333334,182.93779999999998
31,169.93333333333334,185.0830666666667,169.8,180.688
32,167.43333333333334,182.7769333333334,167.36666666666667,178.46753333333336
33,165.13333333333333,180.5194,164.96666666666667,176.286
34,163.63333333333333,178.33520000000004,163.23333333333332,174.1425333333333
35,161.2,176.22166666666666,161.13333333333333,172.01200000000003
36,159.43333333333334,174.01400000000004,159.06666666666666,169.9151333333334
37,157.53333333333333,171.84466666666668,157.2,167.84293333333335
38,155.83333333333334,169.74133333333333,155.56666666666666,165.78499999999997
39,154.03333333333333,167.71653333333333,153.73333333333332,163.78560000000002
40,152.36666666666667,165.75406666666672,152.2,161.7924666666667
41,151.03333333333333,163.6850666666667,150.8,159.85626666666667
42,148.53333333333333,161.69313333333332,148.43333333333334,157.9676
43,146.36666666666667,159.75580000000005,146.26666666666668,156.07026666666667
44,145.43333333333334,157.89679999999998,145.16666666666666,154.2233333333334
45,143.83333333333334,155.8347333333333,143.43333333333334,152.37093333333334
46,141.56666666666666,153.98979999999997,141.43333333333334,150.5574
47,140.03333333333333,152.222,139.7,148.80340000000004
48,139.4,150.38000000000002,139.0,147.0736666666667
49,137.56666666666666,148.68519999999998,137.53333333333333,145.39693333333332
50,136.56666666666666,146.96173333333337,136.36666666666667,143.7594666666666
