100,500,1.0,0.0,50,5,Tournament,3,PMXCastudil,SimpleSwap,ElitismMuPlusLambda,30,6.691088599999993,34,7.016113723333317,0.17356004990417748
6.700257600000005,6.965218000000014,7.127418100000021,6.966213099999955,6.709806300000032,7.073670299999911,6.691088599999993,7.07211609999991,7.091110700000037,6.8201734000000585,7.122277800000106,6.925219400000174,7.162698699999922,7.01855430000019,7.033560400000198,7.27013909999981,6.865404400000003,7.0246753000000695,7.199951500000083,7.267960899999991,7.247545999999687,6.790924300000114,7.047002999999876,6.945102500000019,6.900750200000459,6.851862099999892,7.106579599999975,6.971830399999561,7.214502099999635,7.299797499999812
1,38.333333333333336,50.824,37.7,48.11886666666666
2,36.833333333333336,49.363733333333336,36.53333333333333,45.961
3,36.333333333333336,48.439600000000006,35.666666666666664,44.44859999999999
4,35.1,47.62893333333333,34.733333333333334,43.2178
5,34.7,47.105133333333335,34.1,42.23153333333334
6,34.166666666666664,46.513733333333334,33.5,41.364733333333334
7,33.8,46.08926666666667,33.13333333333333,40.60680000000001
8,32.63333333333333,45.64346666666667,32.2,39.905266666666655
9,32.333333333333336,45.02806666666667,31.633333333333333,39.193799999999996
10,31.766666666666666,44.47526666666668,31.066666666666666,38.48219999999999
11,31.466666666666665,43.71286666666665,30.633333333333333,37.74253333333334
12,30.5,42.858066666666666,30.066666666666666,36.953266666666664
13,30.1,41.86546666666666,29.433333333333334,36.10333333333334
14,28.966666666666665,40.64560000000001,28.566666666666666,35.213133333333325
15,28.233333333333334,39.22806666666666,27.733333333333334,34.232266666666675
16,27.466666666666665,37.872266666666675,27.066666666666666,33.20733333333333
17,26.4,36.3382,26.166666666666668,32.150733333333335
18,25.566666666666666,34.98533333333333,25.266666666666666,31.122
19,25.033333333333335,33.65166666666667,24.733333333333334,30.07906666666667
20,23.366666666666667,32.39433333333333,23.366666666666667,29.021400000000007
21,22.766666666666666,30.932933333333338,22.7,27.918599999999994
22,21.766666666666666,29.635799999999993,21.666666666666668,26.827199999999998
23,21.0,28.254600000000003,20.8,25.724666666666668
24,20.0,26.93126666666666,19.9,24.664200000000005
25,19.166666666666668,25.7994,19.066666666666666,23.652266666666662
26,18.5,24.688466666666674,18.366666666666667,22.646800000000006
27,17.533333333333335,23.543400000000005,17.433333333333334,21.656999999999996
28,17.166666666666668,22.585933333333333,16.833333333333332,20.774533333333334
29,16.566666666666666,21.6098,16.333333333333332,19.921733333333336
30,15.866666666666667,20.719133333333335,15.8,19.107400000000002
31,15.133333333333333,19.82973333333334,15.1,18.338799999999996
32,14.5,19.024600000000003,14.433333333333334,17.62106666666666
33,14.066666666666666,18.2876,13.933333333333334,16.950933333333335
34,13.3,17.590333333333334,13.233333333333333,16.29266666666667
35,13.1,16.847466666666666,13.0,15.671066666666663
36,12.533333333333333,16.176666666666666,12.4,15.070400000000001
37,12.266666666666667,15.558799999999998,12.2,14.501800000000003
38,11.833333333333334,14.962333333333328,11.833333333333334,13.9676
39,11.633333333333333,14.403866666666664,11.633333333333333,13.452200000000001
40,11.166666666666666,13.85873333333333,11.166666666666666,12.998399999999998
41,11.0,13.434200000000002,11.0,12.587399999999999
42,10.833333333333334,13.008600000000001,10.833333333333334,12.2122
43,10.7,12.570133333333334,10.7,11.810399999999998
44,10.533333333333333,12.122933333333334,10.5,11.425866666666666
45,10.4,11.758199999999999,10.366666666666667,11.187533333333334
46,10.233333333333333,11.562599999999998,10.233333333333333,11.037133333333335
47,10.2,11.3502,10.2,10.858599999999997
48,10.2,11.110999999999999,10.2,10.662000000000003
49,10.066666666666666,10.921199999999999,10.066666666666666,10.530400000000002
50,9.966666666666667,10.772266666666665,9.966666666666667,10.407466666666666
