800,500,1.0,0.0,50,5,Tournament,3,PMXCastudil,SimpleSwap,ElitismMuPlusLambda,30,77.5757652999987,361,134.01891771666635,27.06840604922425
113.08652780000004,143.07367360000035,117.16961139999944,166.71407369999986,141.94452850000187,84.55949549999866,179.78529169999922,141.25138859999993,77.5757652999987,118.59937239999772,107.80418559999907,121.20526479999899,126.86613839999836,118.01872300000264,145.63811210000176,129.26045679999834,113.17332399999896,127.68856829999913,145.45711950000214,124.41135649999387,104.91178070000024,165.12778499999877,126.23211370000263,142.688425799995,146.52145679999876,151.50274369999852,131.32540660000132,197.77603970000246,125.05996610000102,186.13883590000296
1,379.9,417.2676666666667,379.3333333333333,409.72133333333335
2,376.96666666666664,412.5992,376.0,403.30953333333343
3,374.6666666666667,409.489,373.26666666666665,398.66546666666665
4,372.6333333333333,407.2197333333333,371.1666666666667,395.0006666666667
5,369.3333333333333,404.7419333333333,368.73333333333335,391.7421999999999
6,367.1,403.10859999999997,366.3666666666667,388.9274666666667
7,366.0,400.92493333333334,364.1,386.25406666666663
8,364.0,399.12739999999997,362.1666666666667,383.7614666666667
9,360.8666666666667,396.6732666666666,359.8666666666667,381.1437333333334
10,359.4,394.03826666666663,357.96666666666664,378.4789333333334
11,357.4,391.4766666666666,355.4,375.8091999999999
12,355.3,387.8795999999999,353.93333333333334,372.8863333333332
13,353.4,383.6890666666666,352.03333333333336,369.66686666666664
14,350.4,378.74933333333337,349.76666666666665,366.3229333333333
15,347.5,374.10120000000006,347.0,362.9181333333333
16,344.96666666666664,370.06093333333337,344.6333333333333,359.53980000000007
17,341.3333333333333,365.9725333333334,341.3,356.23253333333327
18,337.8333333333333,361.96139999999997,337.6,352.93886666666674
19,334.26666666666665,358.0238666666667,334.1666666666667,349.58639999999997
20,331.76666666666665,353.9879333333332,331.43333333333334,346.3207333333333
21,328.8666666666667,350.29106666666667,328.3,343.05086666666665
22,325.1333333333333,346.0662000000001,324.76666666666665,339.69273333333336
23,322.96666666666664,342.1122,322.6,336.33613333333335
24,318.8333333333333,338.17879999999997,318.7,332.9693333333334
25,315.7,334.22093333333333,315.56666666666666,329.5019999999999
26,313.0,330.3074666666665,312.8666666666667,325.9872
27,309.26666666666665,326.66266666666667,309.26666666666665,322.57926666666674
28,306.8333333333333,323.10566666666665,306.56666666666666,319.2143333333333
29,304.0,319.58553333333333,303.8,315.86199999999997
30,301.03333333333336,316.03659999999996,301.03333333333336,312.571
31,297.73333333333335,312.6999333333333,297.73333333333335,309.46806666666663
32,295.7,309.54106666666667,295.43333333333334,306.4818666666667
33,292.6,306.3482666666667,292.4,303.53293333333335
34,289.5,303.2911333333333,289.5,300.5781333333333
35,287.46666666666664,300.32733333333334,287.3333333333333,297.66193333333325
36,284.7,297.4787333333333,284.7,294.89153333333337
37,282.6,294.78619999999995,282.46666666666664,292.20286666666664
38,280.53333333333336,292.0041333333333,280.5,289.50519999999995
39,278.0,289.32733333333334,277.93333333333334,286.89826666666664
40,275.1333333333333,286.70406666666656,275.03333333333336,284.34386666666677
41,272.9,284.0766000000001,272.8,281.8424666666667
42,270.56666666666666,281.5118,270.5,279.4171333333333
43,268.03333333333336,279.0742,267.93333333333334,276.98539999999997
44,266.2,276.74553333333336,265.8666666666667,274.66560000000004
45,264.4,274.3255333333334,264.23333333333335,272.35839999999996
46,262.5,272.0749333333334,262.3666666666667,270.16906666666665
47,260.8666666666667,269.9115333333333,260.8,268.10140000000007
48,259.06666666666666,267.8492666666666,259.06666666666666,266.0898
49,257.76666666666665,265.8241333333333,257.73333333333335,264.17213333333336
50,256.2,263.89866666666666,256.2,262.2786666666667
