200,500,1.0,0.0,50,5,Tournament,3,PMXCastudil,SimpleSwap,ElitismMuPlusLambda,30,11.899686300000326,73,14.579313043333347,1.413643002100728
13.694490299999995,13.768521399999958,14.971582600000069,14.96017759999998,15.418656899999803,14.073479899999981,12.883611500000015,15.816606000000078,14.131578800000256,11.899686300000326,12.70233250000004,16.07669849999988,14.026751399999881,15.89036310000074,14.272372300000256,13.442686199999969,14.798490900000445,13.268996499999673,13.104080699999656,15.608277599999553,14.41370299999926,16.02089589999912,13.07615210000074,16.16088459999969,14.529047000000219,16.067606699999885,13.484773200000348,18.865473200001134,15.37785199999962,14.573562599999832
1,84.26666666666667,102.80473333333336,84.2,99.00746666666664
2,81.6,100.45193333333332,81.5,95.81093333333334
3,81.56666666666666,98.98326666666662,80.3,93.53493333333334
4,80.6,97.92246666666668,79.5,91.77619999999999
5,79.7,96.87746666666665,78.93333333333334,90.25146666666666
6,78.36666666666666,96.1338,77.46666666666667,88.97180000000002
7,77.33333333333333,95.2944,76.5,87.76399999999998
8,76.06666666666666,94.41839999999998,75.36666666666666,86.58706666666666
9,75.36666666666666,93.51893333333334,74.5,85.39373333333334
10,74.1,92.46146666666667,73.4,84.20620000000001
11,73.46666666666667,91.04273333333332,72.46666666666667,82.94139999999999
12,72.16666666666667,89.52133333333335,71.36666666666666,81.58600000000003
13,71.2,87.62780000000001,70.53333333333333,80.10173333333331
14,70.33333333333333,85.59526666666669,70.03333333333333,78.52986666666668
15,68.8,83.3994666666667,68.6,76.91966666666666
16,67.13333333333334,80.82833333333333,67.0,75.2096
17,65.83333333333333,78.58466666666666,65.73333333333333,73.54773333333334
18,64.36666666666666,76.14266666666666,64.2,71.86406666666667
19,63.46666666666667,74.16513333333333,63.2,70.21593333333334
20,61.96666666666667,72.10880000000002,61.833333333333336,68.56406666666666
21,59.766666666666666,70.19226666666667,59.766666666666666,66.91993333333332
22,58.63333333333333,68.34906666666667,58.53333333333333,65.31366666666665
23,57.666666666666664,66.52433333333335,57.53333333333333,63.69873333333333
24,56.06666666666667,64.79986666666666,56.03333333333333,62.13439999999999
25,54.833333333333336,63.0384,54.833333333333336,60.60180000000002
26,53.3,61.50206666666668,53.233333333333334,59.144199999999984
27,51.96666666666667,59.97233333333333,51.9,57.727533333333334
28,50.9,58.385666666666665,50.9,56.325466666666664
29,50.06666666666667,56.943266666666666,49.96666666666667,54.959133333333334
30,48.833333333333336,55.5662,48.7,53.64500000000001
31,47.6,54.19486666666665,47.46666666666667,52.3624
32,46.96666666666667,52.98553333333334,46.666666666666664,51.20813333333333
33,45.8,51.72766666666667,45.8,50.051333333333325
34,45.233333333333334,50.50413333333334,45.166666666666664,48.92993333333333
35,44.0,49.30126666666667,44.0,47.83180000000001
36,43.4,48.17546666666667,43.333333333333336,46.84906666666666
37,42.7,47.13953333333334,42.666666666666664,45.949733333333334
38,42.1,46.088200000000015,42.1,45.0998
39,41.666666666666664,45.24826666666668,41.666666666666664,44.33039999999999
40,41.13333333333333,44.46973333333334,41.13333333333333,43.60620000000001
41,40.666666666666664,43.65526666666667,40.6,42.87566666666667
42,40.4,43.04546666666667,40.36666666666667,42.31313333333333
43,39.9,42.41373333333333,39.86666666666667,41.75746666666667
44,39.5,41.93506666666667,39.46666666666667,41.304733333333324
45,39.166666666666664,41.42259999999999,39.166666666666664,40.82353333333334
46,38.9,40.95526666666667,38.9,40.40860000000001
47,38.666666666666664,40.53179999999999,38.666666666666664,40.01559999999999
48,38.36666666666667,40.12526666666667,38.36666666666667,39.6334
49,38.166666666666664,39.71933333333333,38.13333333333333,39.28920000000001
50,38.03333333333333,39.3766,38.03333333333333,38.999933333333345
