50,500,1.0,0.0,50,5,Tournament,3,PMXCastudil,SimpleSwap,ElitismMuPlusLambda,30,5.2576776000003065,10,5.767247579999999,0.28648187936298136
5.730922499999999,6.548518499999996,6.215250499999998,5.967955299999975,5.662913600000039,6.151706200000007,5.897084899999939,5.846198000000136,5.848638899999941,5.89024160000011,5.948044500000037,5.7667107000001465,5.670095900000149,5.734027299999923,6.2398833999999255,5.977672799999823,5.96177499999996,5.6136067999998716,5.610495699999916,5.562478499999884,5.447734500000081,5.592880499999893,5.2576776000003065,5.51893590000023,5.8614464999998575,5.465747899999968,5.497446899999716,5.4151738999999,5.404499900000019,5.711663200000231
1,15.933333333333334,24.889666666666663,15.766666666666667,23.00146666666667
2,15.233333333333333,23.854200000000002,14.966666666666667,21.492
3,14.666666666666666,23.205666666666666,14.4,20.452266666666667
4,14.233333333333333,22.69666666666666,13.733333333333333,19.624866666666666
5,13.566666666666666,22.257066666666667,13.266666666666667,18.920466666666666
6,13.166666666666666,21.9472,12.766666666666667,18.351066666666664
7,12.666666666666666,21.548533333333335,12.233333333333333,17.76446666666666
8,12.5,21.17646666666667,12.033333333333333,17.25513333333333
9,12.066666666666666,20.806733333333334,11.333333333333334,16.728666666666665
10,11.733333333333333,20.321866666666665,11.133333333333333,16.261666666666663
11,11.4,19.924999999999997,10.833333333333334,15.765533333333332
12,10.833333333333334,19.462000000000003,10.5,15.26326666666667
13,10.566666666666666,18.8504,10.2,14.714933333333333
14,9.933333333333334,18.2668,9.666666666666666,14.173133333333334
15,9.666666666666666,17.49906666666666,9.333333333333334,13.582933333333333
16,9.333333333333334,16.650933333333334,9.033333333333333,12.990533333333332
17,8.7,15.659533333333334,8.466666666666667,12.315266666666668
18,8.366666666666667,14.647800000000005,8.066666666666666,11.630333333333335
19,7.766666666666667,13.541933333333334,7.7,10.912599999999998
20,7.466666666666667,12.434866666666663,7.4,10.184866666666665
21,6.866666666666666,11.363333333333333,6.8,9.482466666666669
22,6.4,10.556666666666668,6.366666666666666,8.934066666666666
23,6.033333333333333,9.909466666666667,5.966666666666667,8.383533333333336
24,5.9,9.229266666666666,5.833333333333333,7.8613333333333335
25,5.533333333333333,8.56,5.466666666666667,7.357000000000001
26,5.2,7.903800000000001,5.166666666666667,6.8784666666666645
27,5.066666666666666,7.313866666666669,5.0,6.4097333333333335
28,4.833333333333333,6.7102,4.8,6.004133333333335
29,4.766666666666667,6.269,4.7,5.675533333333333
30,4.533333333333333,5.969399999999999,4.5,5.429666666666667
31,4.466666666666667,5.690600000000002,4.433333333333334,5.184333333333333
32,4.366666666666666,5.403066666666667,4.366666666666666,5.0074000000000005
33,4.166666666666667,5.1932,4.166666666666667,4.8644
34,4.166666666666667,5.047666666666666,4.166666666666667,4.726733333333333
35,4.166666666666667,4.8545333333333325,4.166666666666667,4.543333333333333
36,4.1,4.656,4.1,4.400866666666667
37,4.066666666666666,4.511333333333334,4.066666666666666,4.284000000000001
38,3.966666666666667,4.3566,3.966666666666667,4.1841333333333335
39,3.966666666666667,4.287000000000001,3.966666666666667,4.1453999999999995
40,3.966666666666667,4.237266666666668,3.966666666666667,4.085466666666666
41,3.933333333333333,4.192466666666666,3.933333333333333,4.048333333333334
42,3.933333333333333,4.147600000000001,3.933333333333333,4.011733333333334
43,3.933333333333333,4.0847999999999995,3.933333333333333,3.9634
44,3.933333333333333,4.042466666666666,3.933333333333333,3.9380666666666664
45,3.9,4.024866666666667,3.9,3.9332666666666665
46,3.933333333333333,4.020333333333334,3.9,3.9332666666666665
47,3.9,4.020733333333333,3.9,3.9330666666666665
48,3.9,4.016866666666667,3.9,3.9328666666666665
49,3.9,4.014866666666666,3.9,3.9322666666666666
50,3.9,4.026800000000001,3.9,3.9306
