500,500,1.0,0.0,50,5,Tournament,3,PMX,SimpleSwap,ElitismMuPlusLambda,30,13.776791600000038,[137, 13.501437500000051],13.89006875666675,0.06718922203517676
13.8038334,13.901229000000061,13.938579000000075,13.776791600000038,13.801855900000007,13.854549799999972,13.786782599999967,13.855661999999683,13.835193399999866,13.859122199999888,13.991842500000246,13.86666119999984,13.830211699999808,13.921495300000117,13.93019470000013,13.834773999999413,13.81140420000014,13.953563700000302,13.889826600000106,13.934661100000596,13.865445299999692,13.851389100000063,13.867224100000044,13.987096900000324,13.9827188000001,13.970062400000188,13.949860699999988,13.963439700000265,14.011519000000476,13.875072800001135
134,136,155,137,128,134,133,134,138,129,139,136,130,146,140,133,126,136,128,155,131,139,134,132,128,153,137,138,151,134
13.8038334,13.901229000000061,13.390251400000068,13.501437500000051,13.801855900000007,13.310190699999978,13.786782599999967,13.855661999999683,13.835193399999866,13.859122199999888,13.991842500000246,13.86666119999984,13.830211699999808,13.650968400000068,13.93019470000013,13.834773999999413,13.539793600000166,12.861398400000382,13.889826600000106,13.934661100000596,13.865445299999692,13.578212300000018,13.59015149999999,13.987096900000324,13.9827188000001,12.601960100000156,13.949860699999988,13.963439700000265,13.734005300000604,13.875072800001135
1,230.46666666666667,259.45773333333335,229.23333333333332,253.5409333333333
2,228.0,255.92973333333336,227.0,248.53266666666661
3,226.23333333333332,253.58346666666668,225.26666666666668,244.97173333333333
4,224.16666666666666,251.72299999999998,223.23333333333332,242.1265333333333
5,223.46666666666667,250.2963333333333,221.8,239.73433333333338
6,220.5,248.8744666666667,219.63333333333333,237.60266666666664
7,220.13333333333333,247.47346666666667,218.73333333333332,235.69086666666666
8,218.26666666666668,246.16313333333338,217.3,233.84573333333338
9,217.06666666666666,244.71199999999996,216.13333333333333,232.0220666666666
10,215.96666666666667,243.1953333333334,214.73333333333332,230.21300000000002
11,215.0,241.6068,213.73333333333332,228.42940000000007
12,213.36666666666667,239.37359999999998,212.5,226.51579999999998
13,210.86666666666667,237.09166666666664,210.4,224.50913333333335
14,209.06666666666666,234.25333333333336,208.43333333333334,222.38886666666664
15,206.0,231.80980000000002,205.63333333333333,220.28046666666665
16,204.1,228.98213333333334,203.7,218.09713333333335
17,202.4,225.96259999999998,201.66666666666666,215.80780000000001
18,200.33333333333334,222.1844666666667,199.56666666666666,213.26233333333332
19,197.86666666666667,218.47859999999994,197.6,210.59813333333332
20,195.76666666666668,214.6209333333333,195.56666666666666,207.78333333333336
21,193.06666666666666,210.79106666666664,193.0,204.90133333333333
22,190.5,207.2361333333333,190.43333333333334,202.05913333333334
23,188.2,203.74646666666666,188.03333333333333,199.2208666666667
24,184.73333333333332,200.81166666666667,184.6,196.47446666666667
25,182.4,197.84906666666666,182.36666666666667,193.76006666666663
26,179.63333333333333,195.11766666666665,179.56666666666666,191.03780000000003
27,176.93333333333334,192.11613333333332,176.86666666666667,188.2668
28,175.06666666666666,189.07433333333333,174.83333333333334,185.48046666666667
29,172.83333333333334,186.2852,172.56666666666666,182.82673333333335
30,170.06666666666666,183.2909333333333,170.0,180.17473333333334
31,168.06666666666666,180.40466666666669,167.76666666666668,177.5497333333333
32,166.26666666666668,177.6245333333334,165.96666666666667,175.03133333333335
33,163.4,174.9666666666666,163.36666666666667,172.60593333333338
34,161.2,172.55753333333334,161.1,170.2655333333333
35,159.76666666666668,170.19333333333333,159.56666666666666,167.95459999999997
36,157.53333333333333,167.85346666666663,157.43333333333334,165.6922
37,155.13333333333333,165.51433333333327,155.13333333333333,163.47326666666666
38,153.96666666666667,163.2759333333333,153.8,161.30086666666662
39,152.16666666666666,161.07420000000005,152.16666666666666,159.1622
40,150.33333333333334,158.9588,150.33333333333334,157.13226666666668
41,148.43333333333334,156.95306666666667,148.43333333333334,155.2072
42,146.93333333333334,155.04399999999998,146.93333333333334,153.37093333333328
43,145.5,153.2547333333333,145.4,151.62573333333333
44,143.86666666666667,151.4800666666667,143.86666666666667,149.92379999999997
45,142.86666666666667,149.8168,142.76666666666668,148.31353333333334
46,141.2,148.22993333333335,141.2,146.7846666666667
47,140.13333333333333,146.6746666666667,139.96666666666667,145.3314
48,139.06666666666666,145.21039999999996,138.9,143.93486666666666
49,138.06666666666666,143.7823333333334,137.93333333333334,142.58866666666663
50,136.86666666666667,142.51720000000003,136.8,141.33939999999998
