900,500,1.0,0.0,50,5,Tournament,3,PMX,SimpleSwap,ElitismMuPlusLambda,30,21.644140400000296,419,22.0051784066667,0.2546483404758498
21.80347120000001,21.689773999999996,21.77753510000006,21.743050399999944,21.644140400000296,22.0494384000001,21.941959399999888,21.87179539999994,21.816882499999707,21.97161949999969,21.838674499999684,21.84220569999917,21.75018399999999,22.01922899999994,22.234847200000388,22.184367699999598,22.18064220000116,22.1624527000007,21.742445099999827,22.740281399999617,22.641039799999362,21.972964700000944,22.19175360000031,22.182597199999805,22.082328499997857,22.070529400001078,21.873919299998875,21.872356500002184,22.20641849999936,22.056448900001556
1,430.3666666666667,469.5748666666666,428.3333333333333,461.70093333333335
2,426.03333333333336,464.6395333333332,424.56666666666666,454.8135333333333
3,423.6666666666667,461.3397999999999,421.26666666666665,449.88726666666673
4,421.1,459.01326666666677,419.1666666666667,446.06553333333335
5,419.3,456.9257333333333,416.8666666666667,442.753
6,416.1,454.98780000000005,414.53333333333336,439.80426666666665
7,414.1666666666667,453.22860000000003,412.5,437.1068666666666
8,412.5,451.47526666666664,410.6333333333333,434.5646666666667
9,411.3666666666667,449.2424666666666,408.8,431.9114
10,406.93333333333334,446.3503333333334,405.2,429.0233333333333
11,406.3333333333333,443.07786666666664,403.4,425.9838666666667
12,404.43333333333334,439.7294,401.6,422.9131333333333
13,400.73333333333335,435.92786666666666,399.43333333333334,419.75286666666676
14,397.8333333333333,431.89426666666674,396.8,416.4613333333333
15,394.8666666666667,427.10006666666663,393.9,412.9500666666668
16,391.93333333333334,422.0572666666667,391.1,409.31166666666667
17,388.3333333333333,416.78086666666684,388.1,405.4694
18,384.7,411.8396666666665,384.4,401.6538666666666
19,381.23333333333335,406.63893333333334,381.1666666666667,397.82126666666665
20,377.8333333333333,402.23099999999994,377.5,394.0538666666667
21,375.2,397.1533333333334,374.7,390.15513333333337
22,371.7,392.9586,371.6,386.32126666666665
23,367.3333333333333,388.3664666666667,367.1666666666667,382.48533333333324
24,364.4,383.90260000000006,364.3333333333333,378.6674
25,361.2,379.6527333333333,361.1333333333333,374.9496666666667
26,357.6333333333333,375.6458,357.53333333333336,371.2436
27,354.3,371.6263333333333,354.1666666666667,367.5933333333333
28,351.93333333333334,367.6307999999999,351.53333333333336,364.0900000000001
29,347.8333333333333,364.12193333333346,347.8,360.6906000000001
30,344.53333333333336,360.63953333333325,344.5,357.3928666666667
31,341.9,357.3508,341.76666666666665,354.11746666666664
32,338.7,353.91999999999996,338.6666666666667,350.85080000000005
33,335.5,350.6690666666667,335.43333333333334,347.69246666666663
34,334.1,347.52500000000003,333.8,344.6191333333334
35,330.3,344.3574,330.26666666666665,341.5747333333333
36,327.73333333333335,341.2954666666667,327.53333333333336,338.6205333333334
37,325.5,338.4959333333333,325.2,335.80260000000004
38,322.8333333333333,335.73006666666674,322.73333333333335,333.08759999999995
39,320.8666666666667,332.9478,320.6666666666667,330.4095999999999
40,318.1,330.2641333333334,317.93333333333334,327.7733333333333
41,315.8333333333333,327.68833333333333,315.7,325.1899333333333
42,313.46666666666664,325.1366666666666,313.4,322.70913333333345
43,311.3333333333333,322.6488,311.3333333333333,320.2974
44,309.7,320.3117333333333,309.56666666666666,317.9740666666667
45,307.6333333333333,317.9363333333333,307.53333333333336,315.7299333333333
46,305.06666666666666,315.7536666666667,304.93333333333334,313.54973333333334
47,303.73333333333335,313.52433333333323,303.53333333333336,311.41553333333326
48,301.8333333333333,311.46246666666667,301.76666666666665,309.39340000000004
49,300.1,309.4784666666667,299.96666666666664,307.4441999999999
50,298.93333333333334,307.4242,298.8333333333333,305.5306666666666
