20,500,1.0,0.0,50,5,Tournament,3,PMX,SimpleSwap,ElitismMuPlusLambda,30,4.262083300000013,3,4.338684779999966,0.045283669188974675
4.383348100000003,4.385863800000007,4.262083300000013,4.3124405999999755,4.299496499999957,4.363317299999963,4.316680000000009,4.372253800000017,4.380533699999923,4.3152198000000155,4.426381400000054,4.368717199999942,4.337987700000035,4.348722800000054,4.350685399999918,4.299575399999867,4.3070045999999,4.355539999999863,4.3315969000000365,4.359952200000123,4.27760750000003,4.390893599999927,4.373467599999813,4.4438832000000446,4.313293199999933,4.280695199999897,4.325728999999782,4.280842700000022,4.2763184999994905,4.320412400000379
1,4.033333333333333,9.530933333333335,3.9,8.368333333333332
2,3.466666666666667,8.889066666666666,3.3333333333333335,7.408600000000001
3,3.066666666666667,8.527933333333332,2.8333333333333335,6.795533333333333
4,2.933333333333333,8.250666666666666,2.6,6.274600000000001
5,2.9,8.015933333333331,2.466666666666667,5.903533333333334
6,2.6666666666666665,7.7782,2.1666666666666665,5.493200000000002
7,2.3333333333333335,7.6080000000000005,2.033333333333333,5.225933333333332
8,2.1333333333333333,7.420133333333333,1.8,4.939866666666666
9,2.0,7.1850000000000005,1.6333333333333333,4.5908
10,1.7,6.835933333333333,1.4666666666666666,4.261133333333334
11,1.7333333333333334,6.569133333333334,1.3333333333333333,4.006333333333333
12,1.5666666666666667,6.1604,1.3,3.6952666666666674
13,1.3333333333333333,5.788333333333332,1.1333333333333333,3.3703333333333334
14,1.3,5.407600000000001,1.0333333333333334,3.0717333333333334
15,1.0666666666666667,4.999666666666667,0.8666666666666667,2.7904
16,0.9,4.557266666666666,0.7666666666666667,2.4711333333333343
17,0.8666666666666667,4.072266666666666,0.7333333333333333,2.168066666666667
18,0.6666666666666666,3.550333333333333,0.6666666666666666,1.8894666666666668
19,0.7333333333333333,3.146866666666667,0.6666666666666666,1.6737333333333337
20,0.7333333333333333,2.7572,0.6333333333333333,1.4192666666666667
21,0.7,2.2644666666666664,0.6333333333333333,1.167066666666667
22,0.6666666666666666,1.8094,0.5666666666666667,0.9852
23,0.6,1.5960666666666663,0.5666666666666667,0.9105333333333334
24,0.6,1.5051999999999999,0.5666666666666667,0.8677333333333335
25,0.5666666666666667,1.4362000000000001,0.5666666666666667,0.8342666666666666
26,0.5666666666666667,1.3900666666666666,0.5666666666666667,0.8096
27,0.5666666666666667,1.3640666666666668,0.5666666666666667,0.7737333333333333
28,0.5666666666666667,1.2175333333333334,0.5666666666666667,0.7308666666666667
29,0.5,1.1656,0.5,0.6905333333333333
30,0.5,1.1916,0.5,0.6813333333333333
31,0.4666666666666667,1.1738000000000002,0.4666666666666667,0.656
32,0.4666666666666667,1.1664,0.4666666666666667,0.6309333333333332
33,0.4666666666666667,1.072266666666667,0.4666666666666667,0.5883333333333333
34,0.4666666666666667,0.9946,0.4666666666666667,0.541
35,0.4666666666666667,0.9125999999999999,0.4666666666666667,0.49666666666666665
36,0.4666666666666667,0.9096666666666665,0.4666666666666667,0.4666666666666667
37,0.4666666666666667,0.8569333333333333,0.4666666666666667,0.4666666666666667
38,0.4666666666666667,0.8854000000000002,0.4666666666666667,0.4666666666666667
39,0.4666666666666667,0.8904,0.4666666666666667,0.4666666666666667
40,0.4666666666666667,0.8769333333333333,0.4666666666666667,0.4666666666666667
41,0.4666666666666667,0.8435333333333334,0.4666666666666667,0.4666666666666667
42,0.4666666666666667,0.8756,0.4666666666666667,0.4666666666666667
43,0.4666666666666667,0.8618,0.4666666666666667,0.4666666666666667
44,0.4666666666666667,0.9076000000000001,0.4666666666666667,0.4666666666666667
45,0.4666666666666667,0.8693333333333333,0.4666666666666667,0.4666666666666667
46,0.4666666666666667,0.8728,0.4666666666666667,0.4666666666666667
47,0.4666666666666667,0.8728000000000001,0.4666666666666667,0.4666666666666667
48,0.4666666666666667,0.8548666666666667,0.4666666666666667,0.4666666666666667
49,0.4666666666666667,0.8681333333333334,0.4666666666666667,0.4666666666666667
50,0.4666666666666667,0.8678,0.4666666666666667,0.4666666666666667
