1000,500,1.0,0.0,50,5,Tournament,3,PMX,SimpleSwap,ElitismMuPlusLambda,30,23.41110409999976,421,23.88386676333347,0.22279576291903164
23.68959080000007,23.93648749999999,23.59264230000018,23.535701700000118,23.879171300000138,23.717885200000154,23.79962320000024,23.8994287000005,23.98587589999977,23.905392500000403,23.911668700000973,23.862948000000074,23.986074800000438,23.95841219999943,24.01695050000035,24.23533950000035,24.03010970000105,23.47162890000095,23.65495179999857,23.84303380000108,23.41110409999976,23.993439200000466,24.339446699998803,24.20367529999919,23.697515500000236,24.02348310000093,23.830819800000654,23.939611999998647,23.90975860000026,24.254231600000367
1,480.8,522.0297333333334,480.3,513.7300666666666
2,476.53333333333336,516.9741333333334,475.43333333333334,506.67426666666665
3,474.3666666666667,513.5135333333334,472.8,501.5258666666667
4,471.43333333333334,511.04833333333335,469.93333333333334,497.38853333333344
5,469.0,508.5516,467.8,493.822
6,467.2,506.4828,465.56666666666666,490.6556666666666
7,464.03333333333336,504.3356,462.8,487.6850666666665
8,460.0,502.0833333333333,459.3,484.7450666666667
9,459.03333333333336,498.929,456.5,481.70133333333325
10,457.2,495.7459333333334,454.43333333333334,478.6394666666667
11,454.1,492.1418,452.3,475.46546666666666
12,452.03333333333336,487.9855999999999,450.7,472.06313333333327
13,449.8666666666667,484.03246666666666,448.7,468.64420000000007
14,445.8,479.46099999999996,445.03333333333336,465.13673333333344
15,442.1,474.91673333333347,441.06666666666666,461.4096
16,437.53333333333336,469.8761333333333,436.93333333333334,457.53886666666665
17,434.8333333333333,464.7326666666667,433.8666666666667,453.59240000000005
18,431.46666666666664,459.4293333333335,430.8333333333333,449.46860000000004
19,427.5,453.7423333333333,426.9,445.20060000000007
20,424.5,448.08806666666675,423.8666666666667,440.8480666666665
21,420.03333333333336,442.67613333333344,420.03333333333336,436.5774666666667
22,416.43333333333334,437.5819333333333,416.23333333333335,432.4050666666665
23,412.46666666666664,433.1044000000001,412.26666666666665,428.3048
24,409.23333333333335,428.96006666666665,408.9,424.30659999999995
25,405.53333333333336,424.7545333333332,405.43333333333334,420.33073333333334
26,401.3,420.61620000000016,401.2,416.47313333333335
27,397.8333333333333,416.72566666666665,397.6333333333333,412.5797333333334
28,394.0,412.7952666666666,393.8666666666667,408.7284666666667
29,390.73333333333335,408.90520000000004,390.6333333333333,404.92706666666675
30,386.96666666666664,404.93626666666677,386.8333333333333,401.1393333333333
31,383.46666666666664,401.1118666666667,383.23333333333335,397.44533333333334
32,380.23333333333335,397.5615333333334,380.1,393.9590666666667
33,376.1,394.1695333333334,375.93333333333334,390.5786
34,374.2,390.80766666666653,373.8,387.22026666666665
35,370.3666666666667,387.2353333333333,370.3,383.8071333333334
36,367.93333333333334,383.8122666666666,367.8666666666667,380.45133333333325
37,365.3666666666667,380.5710666666667,365.1,377.2517333333334
38,362.7,377.2846,362.6333333333333,374.14073333333346
39,359.46666666666664,374.1116,359.4,371.1000000000001
40,356.6,371.08886666666655,356.4,368.1236666666667
41,353.9,367.98606666666666,353.8,365.1652666666667
42,351.1333333333333,365.04306666666656,351.0,362.2871333333333
43,348.3333333333333,362.16226666666677,348.0,359.41693333333336
44,346.1,359.234,345.8333333333333,356.58173333333343
45,344.03333333333336,356.4269999999999,343.7,353.8438
46,341.6333333333333,353.6834666666667,341.5,351.17093333333344
47,338.96666666666664,350.93360000000007,338.8666666666667,348.548
48,336.6666666666667,348.2975333333334,336.53333333333336,345.98026666666664
49,334.53333333333336,345.7472666666667,334.53333333333336,343.50593333333325
50,332.3666666666667,343.2535333333334,332.3666666666667,341.089
