300,500,1.0,0.0,50,5,Tournament,3,PMX,SimpleSwap,ElitismMuPlusLambda,30,9.847481899999972,133,10.068998519999933,0.11086787272140369
9.956105699999998,9.847481899999972,10.121889599999918,10.306473400000037,10.203826699999937,10.142706200000106,10.203760000000116,9.990852500000088,10.073662199999902,10.056734600000041,10.106986199999909,9.98919870000043,10.002678599999854,9.972216400000065,9.955939699999846,9.929983300000174,10.079759799999948,9.990347699999688,10.00684399999966,10.045541500000013,10.067012699999623,10.067017899999314,10.382327600000394,10.077280099999655,10.090833099999884,10.112666499999477,9.994783699999573,10.025095200000806,10.079179099999976,10.190770999999643
1,133.13333333333333,155.1564,132.2,150.55200000000002
2,130.03333333333333,152.1904666666667,129.76666666666668,146.58800000000002
3,128.6,150.4022666666667,128.0,143.76846666666668
4,126.43333333333334,148.94306666666668,126.0,141.51566666666668
5,125.33333333333333,147.77073333333334,124.53333333333333,139.64300000000003
6,125.46666666666667,146.62373333333335,123.6,137.95413333333332
7,123.56666666666666,145.32753333333338,122.66666666666667,136.32573333333332
8,122.73333333333333,144.2474,121.4,134.77006666666668
9,121.16666666666667,142.82399999999998,120.26666666666667,133.24033333333333
10,120.6,141.55580000000003,119.56666666666666,131.75866666666667
11,118.86666666666666,139.8555333333333,118.16666666666667,130.15173333333334
12,117.56666666666666,137.72946666666664,116.73333333333333,128.41
13,116.0,135.7142,115.4,126.59333333333332
14,115.1,133.23386666666667,114.46666666666667,124.7374
15,113.5,130.43813333333335,112.96666666666667,122.79340000000002
16,111.3,128.08133333333336,111.23333333333333,120.85493333333334
17,110.1,125.25026666666669,109.56666666666666,118.82959999999997
18,107.53333333333333,122.4703333333333,107.43333333333334,116.75193333333333
19,105.33333333333333,119.71573333333332,105.13333333333334,114.67306666666664
20,103.53333333333333,117.11966666666665,103.36666666666666,112.62819999999998
21,102.16666666666667,114.59973333333333,101.93333333333334,110.53026666666666
22,99.86666666666666,111.91100000000002,99.8,108.33719999999998
23,98.13333333333334,109.45026666666666,98.03333333333333,106.20400000000001
24,96.33333333333333,106.85499999999998,96.26666666666667,104.10086666666666
25,94.23333333333333,104.53226666666667,94.16666666666667,102.06906666666667
26,92.73333333333333,102.3334,92.6,100.07373333333334
27,91.0,100.18059999999998,90.93333333333334,98.09786666666669
28,88.86666666666666,98.03653333333332,88.83333333333333,96.1378666666667
29,87.26666666666667,95.98139999999998,87.23333333333333,94.22420000000001
30,85.43333333333334,94.06473333333335,85.43333333333334,92.36366666666666
31,84.23333333333333,92.20546666666664,84.16666666666667,90.5604
32,82.13333333333334,90.41006666666665,82.1,88.82726666666666
33,81.1,88.64340000000001,80.96666666666667,87.11826666666666
34,79.8,86.911,79.73333333333333,85.43939999999999
35,78.46666666666667,85.23906666666667,78.43333333333334,83.83220000000001
36,77.36666666666666,83.57533333333332,77.36666666666666,82.28273333333333
37,76.6,82.09186666666666,76.53333333333333,80.84146666666666
38,75.23333333333333,80.69253333333333,75.16666666666667,79.53306666666666
39,74.63333333333334,79.44626666666667,74.43333333333334,78.36533333333334
40,73.63333333333334,78.32739999999998,73.53333333333333,77.30346666666668
41,72.53333333333333,77.29313333333333,72.53333333333333,76.2908
42,71.96666666666667,76.27546666666667,71.93333333333334,75.32413333333335
43,71.33333333333333,75.33159999999998,71.33333333333333,74.39053333333335
44,70.63333333333334,74.33220000000001,70.6,73.4876
45,70.06666666666666,73.46773333333333,70.0,72.66900000000001
46,69.66666666666667,72.71486666666667,69.6,71.9468
47,69.06666666666666,71.99406666666667,69.06666666666666,71.27246666666665
48,68.53333333333333,71.29626666666667,68.53333333333333,70.63793333333334
49,68.26666666666667,70.65666666666667,68.26666666666667,70.05446666666667
50,67.96666666666667,70.06913333333333,67.93333333333334,69.53580000000001
