400,500,1.0,0.0,50,5,Tournament,3,PMX,SimpleSwap,ElitismMuPlusLambda,30,12.059029599999977,183,12.299792676666671,0.13376788936743875
12.169726499999998,12.059029599999977,12.193307000000004,12.370798900000004,12.37177880000003,12.439100000000138,12.312556599999951,12.26024410000025,12.269553700000216,12.133720600000117,12.225886300000212,12.11907329999994,12.230117199999768,12.334004000000249,12.287556300000006,12.373853300000093,12.408083899999554,12.442624499999624,12.467588599999885,12.442789800000355,12.280149599999504,12.14096000000012,12.140167500000075,12.255373100000043,12.173563599999909,12.285065400000121,12.248199399999521,12.389581800000258,12.591344200000208,12.577982700000007
1,181.33333333333334,207.22400000000002,181.06666666666666,201.93433333333334
2,179.26666666666668,204.07746666666668,178.3,197.46133333333333
3,177.16666666666666,201.73526666666663,176.3,194.1832
4,175.2,200.17406666666668,174.6,191.59953333333334
5,174.53333333333333,198.94233333333332,173.63333333333333,189.41586666666666
6,171.76666666666668,197.44,171.13333333333333,187.41793333333334
7,171.4,196.1937333333334,169.93333333333334,185.5490666666666
8,170.2,194.85886666666664,168.76666666666668,183.79140000000004
9,168.46666666666667,193.35259999999997,167.4,182.02433333333335
10,166.63333333333333,191.5197333333334,165.8,180.20300000000003
11,165.96666666666667,189.50819999999993,164.63333333333333,178.35940000000008
12,164.26666666666668,187.52786666666663,163.36666666666667,176.54113333333333
13,162.33333333333334,185.65293333333332,161.7,174.7396
14,160.66666666666666,182.8265333333334,160.06666666666666,172.77353333333335
15,159.33333333333334,180.43426666666662,158.7,170.77046666666666
16,157.0,177.67520000000002,156.63333333333333,168.66759999999996
17,154.93333333333334,174.61999999999998,154.53333333333333,166.40360000000004
18,153.46666666666667,171.4202,153.1,164.09213333333335
19,150.73333333333332,168.2080666666666,150.56666666666666,161.7348
20,149.0,165.1988,148.76666666666668,159.32346666666666
21,147.06666666666666,162.2746666666667,146.76666666666668,156.88420000000002
22,144.96666666666667,159.49460000000005,144.63333333333333,154.45293333333333
23,142.2,156.4664,142.06666666666666,152.0342
24,140.5,153.41893333333334,140.4,149.62233333333333
25,138.0,150.0838,138.0,147.1198666666667
26,135.83333333333334,147.3726,135.76666666666668,144.72873333333334
27,133.86666666666667,144.6898,133.7,142.38466666666665
28,131.76666666666668,142.41700000000003,131.73333333333332,140.13619999999995
29,130.56666666666666,140.13926666666666,130.43333333333334,137.9162666666667
30,128.13333333333333,137.8795333333333,128.1,135.73026666666667
31,126.3,135.85840000000002,126.26666666666667,133.7121333333333
32,124.43333333333334,133.75913333333332,124.4,131.73453333333333
33,123.13333333333334,131.84520000000003,122.96666666666667,129.8408666666667
34,121.23333333333333,129.96306666666666,121.2,128.0202
35,119.36666666666666,128.1342,119.26666666666667,126.2772
36,117.96666666666667,126.29700000000001,117.96666666666667,124.53133333333332
37,116.76666666666667,124.4975333333333,116.66666666666667,122.78873333333335
38,115.23333333333333,122.73953333333334,115.2,121.10133333333333
39,114.0,121.0942,113.9,119.48700000000001
40,112.3,119.46879999999996,112.3,117.94060000000003
41,111.06666666666666,117.87000000000002,111.0,116.41093333333336
42,110.03333333333333,116.30826666666667,109.93333333333334,114.97153333333334
43,108.86666666666666,114.92533333333334,108.86666666666666,113.58960000000003
44,107.73333333333333,113.48113333333336,107.73333333333333,112.24746666666665
45,106.86666666666666,112.23413333333336,106.83333333333333,111.04200000000002
46,106.0,111.00973333333332,106.0,109.86506666666668
47,105.03333333333333,109.78066666666669,105.03333333333333,108.72313333333337
48,104.16666666666667,108.65079999999998,104.16666666666667,107.65840000000001
49,103.53333333333333,107.57866666666669,103.5,106.64613333333334
50,102.86666666666666,106.60600000000001,102.83333333333333,105.7582
