100,500,1.0,0.0,50,5,Tournament,3,PMX,SimpleSwap,ElitismMuPlusLambda,30,6.133357500000159,23,6.6889272933333235,0.4215509075156906
6.459960499999998,6.2547091000000385,6.325174300000008,6.159040100000027,6.304514600000008,6.836543200000079,6.2111190000000605,6.239777600000032,7.666582299999945,6.86195929999991,6.794075700000036,7.1778021000000365,6.946932800000013,6.683220800000001,6.627887199999904,7.334622499999966,6.716157400000256,6.363153299999993,6.133357500000159,6.364297000000107,6.66769809999974,7.4725511999998275,7.535226300000346,6.971503899999675,6.675278199999497,6.625691599999698,6.918500200000125,6.481695699999989,6.356318900000218,6.502468399999998
1,38.4,50.748799999999996,37.8,48.122600000000006
2,36.666666666666664,49.207666666666675,36.233333333333334,45.95333333333334
3,35.93333333333333,48.187999999999995,35.43333333333333,44.38033333333335
4,35.233333333333334,47.42446666666667,34.733333333333334,43.14753333333333
5,34.8,46.825066666666665,34.166666666666664,42.11886666666667
6,34.266666666666666,46.16493333333333,33.733333333333334,41.18620000000001
7,32.63333333333333,45.6898,32.53333333333333,40.35653333333333
8,32.6,45.01866666666667,31.933333333333334,39.53453333333333
9,32.06666666666667,44.442000000000014,31.4,38.71093333333332
10,31.6,43.69353333333334,30.833333333333332,37.87726666666666
11,30.733333333333334,42.72026666666668,30.333333333333332,37.00833333333333
12,30.166666666666668,41.60153333333333,29.8,36.065333333333335
13,29.433333333333334,40.26873333333334,29.133333333333333,35.08240000000001
14,28.033333333333335,38.941266666666664,27.9,34.07619999999999
15,27.733333333333334,37.769666666666666,27.2,33.11059999999999
16,26.766666666666666,36.44079999999999,26.466666666666665,32.13533333333334
17,25.966666666666665,35.08146666666667,25.733333333333334,31.112799999999996
18,25.133333333333333,33.6528,25.0,30.000200000000007
19,23.833333333333332,32.055800000000005,23.733333333333334,28.826466666666665
20,23.066666666666666,30.545266666666667,22.866666666666667,27.715799999999994
21,22.566666666666666,29.235266666666664,22.3,26.682466666666667
22,21.3,27.905799999999996,21.2,25.6536
23,20.5,26.561199999999996,20.4,24.6202
24,19.566666666666666,25.336133333333336,19.433333333333334,23.601799999999994
25,18.866666666666667,24.171133333333334,18.766666666666666,22.5868
26,18.1,23.064733333333333,18.066666666666666,21.616999999999997
27,17.333333333333332,22.044866666666667,17.3,20.730533333333337
28,16.8,21.117866666666664,16.766666666666666,19.843000000000004
29,16.466666666666665,20.246066666666664,16.4,18.998933333333333
30,15.9,19.442600000000002,15.866666666666667,18.295133333333332
31,15.6,18.706466666666664,15.533333333333333,17.645666666666667
32,15.333333333333334,18.055400000000002,15.266666666666667,17.078133333333334
33,15.133333333333333,17.434733333333334,15.1,16.586933333333334
34,14.733333333333333,16.86413333333333,14.733333333333333,16.155733333333337
35,14.633333333333333,16.4816,14.633333333333333,15.800200000000002
36,14.5,16.106466666666666,14.5,15.457266666666666
37,14.233333333333333,15.719533333333333,14.233333333333333,15.176599999999999
38,14.0,15.388933333333332,14.0,14.912666666666667
39,13.9,15.063533333333336,13.866666666666667,14.726600000000001
40,13.733333333333333,14.836466666666668,13.7,14.5106
41,13.666666666666666,14.614266666666667,13.666666666666666,14.316333333333336
42,13.6,14.435266666666665,13.6,14.1474
43,13.466666666666667,14.25126666666667,13.466666666666667,13.9718
44,13.433333333333334,14.044733333333333,13.433333333333334,13.82933333333333
45,13.366666666666667,13.871199999999998,13.366666666666667,13.697466666666667
46,13.333333333333334,13.738999999999999,13.3,13.612999999999998
47,13.266666666666667,13.613333333333333,13.266666666666667,13.498466666666667
48,13.266666666666667,13.513733333333331,13.266666666666667,13.441333333333334
49,13.133333333333333,13.451533333333332,13.133333333333333,13.383466666666667
50,13.1,13.378066666666667,13.1,13.303466666666667
