20,500,1.0,0.0,50,5,Tournament,3,PMXCastudil,SimpleSwap,ElitismMuPlusLambda,0,0,0.0,0.0,7.14703106880188
1,4,11.484,4,9.616
2,4,10.716,4,8.386
3,3,10.124,3,7.602
4,3,9.738,3,6.976
5,2,9.534,2,6.504
6,3,9.114,2,6.056
7,2,9.068,2,5.674
8,1,8.634,1,5.242
9,2,8.604,1,5.022
10,2,8.24,1,4.708
11,0,8.244,0,4.362
12,2,7.808,0,4.124
13,0,7.018,0,3.676
14,0,5.996,0,3.052
15,0,4.958,0,2.502
16,0,4.242,0,1.994
17,0,2.564,0,1.28
18,0,1.52,0,0.656
19,0,0.71,0,0.048
20,0,0.0,0,0.0
21,0,0.0,0,0.0
22,0,0.0,0,0.0
23,0,0.0,0,0.0
24,0,0.0,0,0.0
25,0,0.0,0,0.0
26,0,0.0,0,0.0
27,0,0.0,0,0.0
28,0,0.0,0,0.0
29,0,0.0,0,0.0
30,0,0.0,0,0.0
31,0,0.0,0,0.0
32,0,0.0,0,0.0
33,0,0.0,0,0.0
34,0,0.0,0,0.0
35,0,0.0,0,0.0
36,0,0.0,0,0.0
37,0,0.0,0,0.0
38,0,0.0,0,0.0
39,0,0.0,0,0.0
40,0,0.0,0,0.0
41,0,0.0,0,0.0
42,0,0.0,0,0.0
43,0,0.0,0,0.0
44,0,0.0,0,0.0
45,0,0.0,0,0.0
46,0,0.0,0,0.0
47,0,0.0,0,0.0
48,0,0.0,0,0.0
49,0,0.0,0,0.0
50,0,0.0,0,0.0
